config,dataset_info,groupdro_config,start_time,epoch,train_loss,train_acc,learning_rate,test_overall_acc,test_balanced_acc,test_worst_group_acc,test_best_group_acc,test_per_group_acc,test_per_group_loss,test_per_class_acc,test_per_group_per_class_acc,test_per_group_counts,test_overall_macro_f1,test_per_group_f1,test_worst_group_f1,test_worst_group_loss,groupdro_weights,train_per_group_loss,groupdro_weights_mean,groupdro_pi,groupdro_kl_penalty
"{""run_name"": ""fedheart_exp_paper_hetagg_gdro"", ""seed"": 42, ""run_dir"": ""runs/eta/fedheart_cur_GroupDRO_s42_f1"", ""use_fedheart"": true, ""num_classes"": 2, ""stratified_batching"": true, ""train_frac"": 0.8, ""group_max_train_samples"": [null, null, 20, 25], ""true_hetero_input_dim"": true, ""feature_mask"": [[0, 1, 2, 3, 5, 6, 7, 8, 9, 10], [0, 1, 2, 3, 5, 6, 11, 12], [0, 1, 2, 4, 5, 7, 11, 12], [0, 1, 2, 4, 5, 6, 8, 9, 10]], ""batch_size"": 64, ""num_workers"": 0, ""epochs"": 100, ""early_stopping_patience"": 30, ""lr"": 0.001, ""weight_decay"": 0.0001, ""optimizer"": ""adam"", ""grad_clip"": 1.0, ""lr_scheduler"": ""cosine"", ""lr_min"": 1e-05, ""latent_dim"": 64, ""head_hidden"": 32, ""groups"": [{""name"": ""cleveland"", ""encoder"": ""mlp_tabular_ln"", ""input_dim"": 10, ""hidden_dim"": 64, ""dropout"": 0.1}, {""name"": ""hungarian"", ""encoder"": ""mlp_tabular_ln"", ""input_dim"": 8, ""hidden_dim"": 64, ""dropout"": 0.1}, {""name"": ""switzerland"", ""encoder"": ""mlp_tabular_ln"", ""input_dim"": 8, ""hidden_dim"": 64, ""dropout"": 0.1}, {""name"": ""va_long_beach"", ""encoder"": ""mlp_tabular_ln"", ""input_dim"": 9, ""hidden_dim"": 64, ""dropout"": 0.1}], ""anchor_eps"": 0.0001, ""sep_samples_per_class"": 4, ""sep_method"": ""classifier"", ""sep_margin"": 1.0, ""lambda_fit"": 0.001, ""lambda_sep"": 0.001, ""groupdro_enabled"": true, ""groupdro_eta"": 1.0, ""groupdro_gamma"": 0.9, ""groupdro_update_mode"": ""softmax"", ""groupdro_objective"": ""weighted"", ""groupdro_kl_lambda"": 0.0, ""groupdro_uniform_init"": true, ""log_interval"": 20, ""save_every"": 10, ""impute_missing"": true, ""common_encoder"": false, ""use_regret"": false, ""data_split_seed"": 1001}","{""num_groups"": 4, ""num_classes"": 2, ""train_total"": 522, ""test_total"": 185, ""train_group_counts"": [242, 235, 20, 25], ""test_group_counts"": [61, 59, 25, 40], ""train_class_counts"": [287, 235], ""test_class_counts"": [83, 102], ""train_group_class_counts"": [[131, 111], [150, 85], [1, 19], [5, 20]], ""test_group_class_counts"": [[33, 28], [38, 21], [2, 23], [10, 30]], ""group_proportions"": [0.46360153256704983, 0.4501915708812261, 0.038314176245210725, 0.04789272030651341]}","{""num_groups"": 4, ""eta"": 1.0, ""update_mode"": ""softmax"", ""robust_objective"": ""weighted"", ""gamma"": 0.9, ""kl_lambda"": 0.0, ""initial_pi"": [0.4636015295982361, 0.45019155740737915, 0.038314174860715866, 0.04789271950721741]}",2026-09-15T18:55:18.271698,1,0.6627356633543968,0.5234375,0.001,0.7405405405405405,0.7675972492358989,0.6885245901639344,0.92,"[0.6885245901639344, 0.711864406779661, 0.92, 0.75]","[0.6519846080756578, 0.631846313759432, 0.41889000415802, 0.5449394822120667]","[0.6506024096385542, 0.8137254901960784]","[[0.696969696969697, 0.6785714285714286], [0.8157894736842105, 0.5238095238095238], [0.0, 1.0], [0.0, 1.0]]","[61, 59, 25, 40]",0.7340043134435659,"[0.6871794871794872, 0.6744563453424214, 0.4791666666666667, 0.42857142857142855]",0.42857142857142855,0.6519846080756578,"[0.25998425483703613, 0.2586669921875, 0.19057469069957733, 0.29077407717704773]","[0.7100494205951691, 0.7015048265457153, 0.4931296855211258, 0.5851635113358498]","[0.27121808752417564, 0.2687590532004833, 0.21888627856969833, 0.2411365620791912]","[0.4636015295982361, 0.45019155740737915, 0.038314174860715866, 0.04789271950721741]",0.0
"{""run_name"": ""fedheart_exp_paper_hetagg_gdro"", ""seed"": 42, ""run_dir"": ""runs/eta/fedheart_cur_GroupDRO_s42_f1"", ""use_fedheart"": true, ""num_classes"": 2, ""stratified_batching"": true, ""train_frac"": 0.8, ""group_max_train_samples"": [null, null, 20, 25], ""true_hetero_input_dim"": true, ""feature_mask"": [[0, 1, 2, 3, 5, 6, 7, 8, 9, 10], [0, 1, 2, 3, 5, 6, 11, 12], [0, 1, 2, 4, 5, 7, 11, 12], [0, 1, 2, 4, 5, 6, 8, 9, 10]], ""batch_size"": 64, ""num_workers"": 0, ""epochs"": 100, ""early_stopping_patience"": 30, ""lr"": 0.001, ""weight_decay"": 0.0001, ""optimizer"": ""adam"", ""grad_clip"": 1.0, ""lr_scheduler"": ""cosine"", ""lr_min"": 1e-05, ""latent_dim"": 64, ""head_hidden"": 32, ""groups"": [{""name"": ""cleveland"", ""encoder"": ""mlp_tabular_ln"", ""input_dim"": 10, ""hidden_dim"": 64, ""dropout"": 0.1}, {""name"": ""hungarian"", ""encoder"": ""mlp_tabular_ln"", ""input_dim"": 8, ""hidden_dim"": 64, ""dropout"": 0.1}, {""name"": ""switzerland"", ""encoder"": ""mlp_tabular_ln"", ""input_dim"": 8, ""hidden_dim"": 64, ""dropout"": 0.1}, {""name"": ""va_long_beach"", ""encoder"": ""mlp_tabular_ln"", ""input_dim"": 9, ""hidden_dim"": 64, ""dropout"": 0.1}], ""anchor_eps"": 0.0001, ""sep_samples_per_class"": 4, ""sep_method"": ""classifier"", ""sep_margin"": 1.0, ""lambda_fit"": 0.001, ""lambda_sep"": 0.001, ""groupdro_enabled"": true, ""groupdro_eta"": 1.0, ""groupdro_gamma"": 0.9, ""groupdro_update_mode"": ""softmax"", ""groupdro_objective"": ""weighted"", ""groupdro_kl_lambda"": 0.0, ""groupdro_uniform_init"": true, ""log_interval"": 20, ""save_every"": 10, ""impute_missing"": true, ""common_encoder"": false, ""use_regret"": false, ""data_split_seed"": 1001}","{""num_groups"": 4, ""num_classes"": 2, ""train_total"": 522, ""test_total"": 185, ""train_group_counts"": [242, 235, 20, 25], ""test_group_counts"": [61, 59, 25, 40], ""train_class_counts"": [287, 235], ""test_class_counts"": [83, 102], ""train_group_class_counts"": [[131, 111], [150, 85], [1, 19], [5, 20]], ""test_group_class_counts"": [[33, 28], [38, 21], [2, 23], [10, 30]], ""group_proportions"": [0.46360153256704983, 0.4501915708812261, 0.038314176245210725, 0.04789272030651341]}","{""num_groups"": 4, ""eta"": 1.0, ""update_mode"": ""softmax"", ""robust_objective"": ""weighted"", ""gamma"": 0.9, ""kl_lambda"": 0.0, ""initial_pi"": [0.4636015295982361, 0.45019155740737915, 0.038314174860715866, 0.04789271950721741]}",2026-09-15T18:55:18.271698,2,0.5573073588311672,0.708984375,0.001,0.8,0.8132349263684358,0.75,0.92,"[0.8032786885245902, 0.7796610169491526, 0.92, 0.75]","[0.586690853365132, 0.5757305904970331, 0.32655774176120755, 0.5415916346013546]","[0.7590361445783133, 0.8333333333333334]","[[0.8484848484848485, 0.75], [0.9210526315789473, 0.5238095238095238], [0.0, 1.0], [0.0, 1.0]]","[61, 59, 25, 40]",0.7971310868083341,"[0.8006535947712419, 0.7359724612736662, 0.4791666666666667, 0.42857142857142855]",0.42857142857142855,0.586690853365132,"[0.29724085330963135, 0.30425894260406494, 0.1902516484260559, 0.2082485556602478]","[0.6212766170501709, 0.6405279040336609, 0.37459592521190643, 0.43534179776906967]","[0.2741465736180544, 0.27937005273997784, 0.2176368273794651, 0.22884654253721237]","[0.4636015295982361, 0.45019155740737915, 0.038314174860715866, 0.04789271950721741]",0.0
"{""run_name"": ""fedheart_exp_paper_hetagg_gdro"", ""seed"": 42, ""run_dir"": ""runs/eta/fedheart_cur_GroupDRO_s42_f1"", ""use_fedheart"": true, ""num_classes"": 2, ""stratified_batching"": true, ""train_frac"": 0.8, ""group_max_train_samples"": [null, null, 20, 25], ""true_hetero_input_dim"": true, ""feature_mask"": [[0, 1, 2, 3, 5, 6, 7, 8, 9, 10], [0, 1, 2, 3, 5, 6, 11, 12], [0, 1, 2, 4, 5, 7, 11, 12], [0, 1, 2, 4, 5, 6, 8, 9, 10]], ""batch_size"": 64, ""num_workers"": 0, ""epochs"": 100, ""early_stopping_patience"": 30, ""lr"": 0.001, ""weight_decay"": 0.0001, ""optimizer"": ""adam"", ""grad_clip"": 1.0, ""lr_scheduler"": ""cosine"", ""lr_min"": 1e-05, ""latent_dim"": 64, ""head_hidden"": 32, ""groups"": [{""name"": ""cleveland"", ""encoder"": ""mlp_tabular_ln"", ""input_dim"": 10, ""hidden_dim"": 64, ""dropout"": 0.1}, {""name"": ""hungarian"", ""encoder"": ""mlp_tabular_ln"", ""input_dim"": 8, ""hidden_dim"": 64, ""dropout"": 0.1}, {""name"": ""switzerland"", ""encoder"": ""mlp_tabular_ln"", ""input_dim"": 8, ""hidden_dim"": 64, ""dropout"": 0.1}, {""name"": ""va_long_beach"", ""encoder"": ""mlp_tabular_ln"", ""input_dim"": 9, ""hidden_dim"": 64, ""dropout"": 0.1}], ""anchor_eps"": 0.0001, ""sep_samples_per_class"": 4, ""sep_method"": ""classifier"", ""sep_margin"": 1.0, ""lambda_fit"": 0.001, ""lambda_sep"": 0.001, ""groupdro_enabled"": true, ""groupdro_eta"": 1.0, ""groupdro_gamma"": 0.9, ""groupdro_update_mode"": ""softmax"", ""groupdro_objective"": ""weighted"", ""groupdro_kl_lambda"": 0.0, ""groupdro_uniform_init"": true, ""log_interval"": 20, ""save_every"": 10, ""impute_missing"": true, ""common_encoder"": false, ""use_regret"": false, ""data_split_seed"": 1001}","{""num_groups"": 4, ""num_classes"": 2, ""train_total"": 522, ""test_total"": 185, ""train_group_counts"": [242, 235, 20, 25], ""test_group_counts"": [61, 59, 25, 40], ""train_class_counts"": [287, 235], ""test_class_counts"": [83, 102], ""train_group_class_counts"": [[131, 111], [150, 85], [1, 19], [5, 20]], ""test_group_class_counts"": [[33, 28], [38, 21], [2, 23], [10, 30]], ""group_proportions"": [0.46360153256704983, 0.4501915708812261, 0.038314176245210725, 0.04789272030651341]}","{""num_groups"": 4, ""eta"": 1.0, ""update_mode"": ""softmax"", ""robust_objective"": ""weighted"", ""gamma"": 0.9, ""kl_lambda"": 0.0, ""initial_pi"": [0.4636015295982361, 0.45019155740737915, 0.038314174860715866, 0.04789271950721741]}",2026-09-15T18:55:18.271698,3,0.4802684560418129,0.77734375,0.001,0.7891891891891892,0.8048992775771048,0.75,0.92,"[0.7868852459016393, 0.7627118644067796, 0.92, 0.75]","[0.5292061669904677, 0.5249328128362106, 0.2946497085690498, 0.5729570897296071]","[0.7349397590361446, 0.8333333333333334]","[[0.8181818181818182, 0.75], [0.8947368421052632, 0.5238095238095238], [0.0, 1.0], [0.0, 1.0]]","[61, 59, 25, 40]",0.7855805521709411,"[0.7848032564450476, 0.7201897018970189, 0.4791666666666667, 0.42857142857142855]",0.42857142857142855,0.5729570897296071,"[0.3160924017429352, 0.3140544593334198, 0.18135346472263336, 0.18849968910217285]","[0.5652567744255066, 0.5806855037808418, 0.2421273859217763, 0.3629298536106944]","[0.27844209782779217, 0.2830696441233158, 0.2063112072646618, 0.23217706941068172]","[0.4636015295982361, 0.45019155740737915, 0.038314174860715866, 0.04789271950721741]",0.0
"{""run_name"": ""fedheart_exp_paper_hetagg_gdro"", ""seed"": 42, ""run_dir"": ""runs/eta/fedheart_cur_GroupDRO_s42_f1"", ""use_fedheart"": true, ""num_classes"": 2, ""stratified_batching"": true, ""train_frac"": 0.8, ""group_max_train_samples"": [null, null, 20, 25], ""true_hetero_input_dim"": true, ""feature_mask"": [[0, 1, 2, 3, 5, 6, 7, 8, 9, 10], [0, 1, 2, 3, 5, 6, 11, 12], [0, 1, 2, 4, 5, 7, 11, 12], [0, 1, 2, 4, 5, 6, 8, 9, 10]], ""batch_size"": 64, ""num_workers"": 0, ""epochs"": 100, ""early_stopping_patience"": 30, ""lr"": 0.001, ""weight_decay"": 0.0001, ""optimizer"": ""adam"", ""grad_clip"": 1.0, ""lr_scheduler"": ""cosine"", ""lr_min"": 1e-05, ""latent_dim"": 64, ""head_hidden"": 32, ""groups"": [{""name"": ""cleveland"", ""encoder"": ""mlp_tabular_ln"", ""input_dim"": 10, ""hidden_dim"": 64, ""dropout"": 0.1}, {""name"": ""hungarian"", ""encoder"": ""mlp_tabular_ln"", ""input_dim"": 8, ""hidden_dim"": 64, ""dropout"": 0.1}, {""name"": ""switzerland"", ""encoder"": ""mlp_tabular_ln"", ""input_dim"": 8, ""hidden_dim"": 64, ""dropout"": 0.1}, {""name"": ""va_long_beach"", ""encoder"": ""mlp_tabular_ln"", ""input_dim"": 9, ""hidden_dim"": 64, ""dropout"": 0.1}], ""anchor_eps"": 0.0001, ""sep_samples_per_class"": 4, ""sep_method"": ""classifier"", ""sep_margin"": 1.0, ""lambda_fit"": 0.001, ""lambda_sep"": 0.001, ""groupdro_enabled"": true, ""groupdro_eta"": 1.0, ""groupdro_gamma"": 0.9, ""groupdro_update_mode"": ""softmax"", ""groupdro_objective"": ""weighted"", ""groupdro_kl_lambda"": 0.0, ""groupdro_uniform_init"": true, ""log_interval"": 20, ""save_every"": 10, ""impute_missing"": true, ""common_encoder"": false, ""use_regret"": false, ""data_split_seed"": 1001}","{""num_groups"": 4, ""num_classes"": 2, ""train_total"": 522, ""test_total"": 185, ""train_group_counts"": [242, 235, 20, 25], ""test_group_counts"": [61, 59, 25, 40], ""train_class_counts"": [287, 235], ""test_class_counts"": [83, 102], ""train_group_class_counts"": [[131, 111], [150, 85], [1, 19], [5, 20]], ""test_group_class_counts"": [[33, 28], [38, 21], [2, 23], [10, 30]], ""group_proportions"": [0.46360153256704983, 0.4501915708812261, 0.038314176245210725, 0.04789272030651341]}","{""num_groups"": 4, ""eta"": 1.0, ""update_mode"": ""softmax"", ""robust_objective"": ""weighted"", ""gamma"": 0.9, ""kl_lambda"": 0.0, ""initial_pi"": [0.4636015295982361, 0.45019155740737915, 0.038314174860715866, 0.04789271950721741]}",2026-09-15T18:55:18.271698,4,0.4597172252833843,0.779296875,0.001,0.772972972972973,0.7924652681300361,0.7457627118644068,0.92,"[0.7540983606557377, 0.7457627118644068, 0.92, 0.75]","[0.5020008460908639, 0.4888421797146231, 0.3039944231510162, 0.6029095033183693]","[0.6867469879518072, 0.8431372549019608]","[[0.7575757575757576, 0.75], [0.8421052631578947, 0.5714285714285714], [0.0, 1.0], [0.0, 1.0]]","[61, 59, 25, 40]",0.76725377426312,"[0.7530364372469636, 0.7127555988315482, 0.4791666666666667, 0.42857142857142855]",0.42857142857142855,0.6029095033183693,"[0.20510126650333405, 0.21450136601924896, 0.3801216185092926, 0.20027579367160797]","[0.5133350603282452, 0.5244120247662067, 0.21453634276986122, 0.42531545646488667]","[0.2698612157255411, 0.2710123788565397, 0.20601842924952507, 0.2531079761683941]","[0.4636015295982361, 0.45019155740737915, 0.038314174860715866, 0.04789271950721741]",0.0
"{""run_name"": ""fedheart_exp_paper_hetagg_gdro"", ""seed"": 42, ""run_dir"": ""runs/eta/fedheart_cur_GroupDRO_s42_f1"", ""use_fedheart"": true, ""num_classes"": 2, ""stratified_batching"": true, ""train_frac"": 0.8, ""group_max_train_samples"": [null, null, 20, 25], ""true_hetero_input_dim"": true, ""feature_mask"": [[0, 1, 2, 3, 5, 6, 7, 8, 9, 10], [0, 1, 2, 3, 5, 6, 11, 12], [0, 1, 2, 4, 5, 7, 11, 12], [0, 1, 2, 4, 5, 6, 8, 9, 10]], ""batch_size"": 64, ""num_workers"": 0, ""epochs"": 100, ""early_stopping_patience"": 30, ""lr"": 0.001, ""weight_decay"": 0.0001, ""optimizer"": ""adam"", ""grad_clip"": 1.0, ""lr_scheduler"": ""cosine"", ""lr_min"": 1e-05, ""latent_dim"": 64, ""head_hidden"": 32, ""groups"": [{""name"": ""cleveland"", ""encoder"": ""mlp_tabular_ln"", ""input_dim"": 10, ""hidden_dim"": 64, ""dropout"": 0.1}, {""name"": ""hungarian"", ""encoder"": ""mlp_tabular_ln"", ""input_dim"": 8, ""hidden_dim"": 64, ""dropout"": 0.1}, {""name"": ""switzerland"", ""encoder"": ""mlp_tabular_ln"", ""input_dim"": 8, ""hidden_dim"": 64, ""dropout"": 0.1}, {""name"": ""va_long_beach"", ""encoder"": ""mlp_tabular_ln"", ""input_dim"": 9, ""hidden_dim"": 64, ""dropout"": 0.1}], ""anchor_eps"": 0.0001, ""sep_samples_per_class"": 4, ""sep_method"": ""classifier"", ""sep_margin"": 1.0, ""lambda_fit"": 0.001, ""lambda_sep"": 0.001, ""groupdro_enabled"": true, ""groupdro_eta"": 1.0, ""groupdro_gamma"": 0.9, ""groupdro_update_mode"": ""softmax"", ""groupdro_objective"": ""weighted"", ""groupdro_kl_lambda"": 0.0, ""groupdro_uniform_init"": true, ""log_interval"": 20, ""save_every"": 10, ""impute_missing"": true, ""common_encoder"": false, ""use_regret"": false, ""data_split_seed"": 1001}","{""num_groups"": 4, ""num_classes"": 2, ""train_total"": 522, ""test_total"": 185, ""train_group_counts"": [242, 235, 20, 25], ""test_group_counts"": [61, 59, 25, 40], ""train_class_counts"": [287, 235], ""test_class_counts"": [83, 102], ""train_group_class_counts"": [[131, 111], [150, 85], [1, 19], [5, 20]], ""test_group_class_counts"": [[33, 28], [38, 21], [2, 23], [10, 30]], ""group_proportions"": [0.46360153256704983, 0.4501915708812261, 0.038314176245210725, 0.04789272030651341]}","{""num_groups"": 4, ""eta"": 1.0, ""update_mode"": ""softmax"", ""robust_objective"": ""weighted"", ""gamma"": 0.9, ""kl_lambda"": 0.0, ""initial_pi"": [0.4636015295982361, 0.45019155740737915, 0.038314174860715866, 0.04789271950721741]}",2026-09-15T18:55:18.271698,5,0.4341864734888077,0.8046875,0.001,0.7783783783783784,0.7968414837454849,0.7377049180327869,0.92,"[0.7377049180327869, 0.7796610169491526, 0.92, 0.75]","[0.48883566382478494, 0.4743984743195065, 0.32850500650703907, 0.602378673478961]","[0.6867469879518072, 0.8529411764705882]","[[0.7575757575757576, 0.7142857142857143], [0.8421052631578947, 0.6666666666666666], [0.0, 1.0], [0.0, 1.0]]","[61, 59, 25, 40]",0.7723930982745686,"[0.7359307359307359, 0.7570478302185619, 0.4791666666666667, 0.42857142857142855]",0.42857142857142855,0.602378673478961,"[0.21003210544586182, 0.18450383841991425, 0.13024047017097473, 0.4752235412597656]","[0.4625231921672821, 0.4738742671906948, 0.2227519117295742, 0.48568507051095366]","[0.25390971451997757, 0.25834997184574604, 0.2134325224906206, 0.2743077762424946]","[0.4636015295982361, 0.45019155740737915, 0.038314174860715866, 0.04789271950721741]",0.0
"{""run_name"": ""fedheart_exp_paper_hetagg_gdro"", ""seed"": 42, ""run_dir"": ""runs/eta/fedheart_cur_GroupDRO_s42_f1"", ""use_fedheart"": true, ""num_classes"": 2, ""stratified_batching"": true, ""train_frac"": 0.8, ""group_max_train_samples"": [null, null, 20, 25], ""true_hetero_input_dim"": true, ""feature_mask"": [[0, 1, 2, 3, 5, 6, 7, 8, 9, 10], [0, 1, 2, 3, 5, 6, 11, 12], [0, 1, 2, 4, 5, 7, 11, 12], [0, 1, 2, 4, 5, 6, 8, 9, 10]], ""batch_size"": 64, ""num_workers"": 0, ""epochs"": 100, ""early_stopping_patience"": 30, ""lr"": 0.001, ""weight_decay"": 0.0001, ""optimizer"": ""adam"", ""grad_clip"": 1.0, ""lr_scheduler"": ""cosine"", ""lr_min"": 1e-05, ""latent_dim"": 64, ""head_hidden"": 32, ""groups"": [{""name"": ""cleveland"", ""encoder"": ""mlp_tabular_ln"", ""input_dim"": 10, ""hidden_dim"": 64, ""dropout"": 0.1}, {""name"": ""hungarian"", ""encoder"": ""mlp_tabular_ln"", ""input_dim"": 8, ""hidden_dim"": 64, ""dropout"": 0.1}, {""name"": ""switzerland"", ""encoder"": ""mlp_tabular_ln"", ""input_dim"": 8, ""hidden_dim"": 64, ""dropout"": 0.1}, {""name"": ""va_long_beach"", ""encoder"": ""mlp_tabular_ln"", ""input_dim"": 9, ""hidden_dim"": 64, ""dropout"": 0.1}], ""anchor_eps"": 0.0001, ""sep_samples_per_class"": 4, ""sep_method"": ""classifier"", ""sep_margin"": 1.0, ""lambda_fit"": 0.001, ""lambda_sep"": 0.001, ""groupdro_enabled"": true, ""groupdro_eta"": 1.0, ""groupdro_gamma"": 0.9, ""groupdro_update_mode"": ""softmax"", ""groupdro_objective"": ""weighted"", ""groupdro_kl_lambda"": 0.0, ""groupdro_uniform_init"": true, ""log_interval"": 20, ""save_every"": 10, ""impute_missing"": true, ""common_encoder"": false, ""use_regret"": false, ""data_split_seed"": 1001}","{""num_groups"": 4, ""num_classes"": 2, ""train_total"": 522, ""test_total"": 185, ""train_group_counts"": [242, 235, 20, 25], ""test_group_counts"": [61, 59, 25, 40], ""train_class_counts"": [287, 235], ""test_class_counts"": [83, 102], ""train_group_class_counts"": [[131, 111], [150, 85], [1, 19], [5, 20]], ""test_group_class_counts"": [[33, 28], [38, 21], [2, 23], [10, 30]], ""group_proportions"": [0.46360153256704983, 0.4501915708812261, 0.038314176245210725, 0.04789272030651341]}","{""num_groups"": 4, ""eta"": 1.0, ""update_mode"": ""softmax"", ""robust_objective"": ""weighted"", ""gamma"": 0.9, ""kl_lambda"": 0.0, ""initial_pi"": [0.4636015295982361, 0.45019155740737915, 0.038314174860715866, 0.04789271950721741]}",2026-09-15T18:55:18.271698,6,0.39465595595538616,0.806640625,0.001,0.7783783783783784,0.7968414837454849,0.7377049180327869,0.92,"[0.7377049180327869, 0.7796610169491526, 0.92, 0.75]","[0.4849228787495465, 0.4762785905751131, 0.35131376765668393, 0.5710018708370626]","[0.6867469879518072, 0.8529411764705882]","[[0.7575757575757576, 0.7142857142857143], [0.8421052631578947, 0.6666666666666666], [0.0, 1.0], [0.0, 1.0]]","[61, 59, 25, 40]",0.7723930982745686,"[0.7359307359307359, 0.7570478302185619, 0.4791666666666667, 0.42857142857142855]",0.42857142857142855,0.5710018708370626,"[0.23999591171741486, 0.24327649176120758, 0.16284064948558807, 0.3538869321346283]","[0.46176727861166, 0.4932837523519993, 0.1388340680859983, 0.3588856221176684]","[0.26944548450410366, 0.27998942881822586, 0.20028812251985073, 0.2502769585698843]","[0.4636015295982361, 0.45019155740737915, 0.038314174860715866, 0.04789271950721741]",0.0
"{""run_name"": ""fedheart_exp_paper_hetagg_gdro"", ""seed"": 42, ""run_dir"": ""runs/eta/fedheart_cur_GroupDRO_s42_f1"", ""use_fedheart"": true, ""num_classes"": 2, ""stratified_batching"": true, ""train_frac"": 0.8, ""group_max_train_samples"": [null, null, 20, 25], ""true_hetero_input_dim"": true, ""feature_mask"": [[0, 1, 2, 3, 5, 6, 7, 8, 9, 10], [0, 1, 2, 3, 5, 6, 11, 12], [0, 1, 2, 4, 5, 7, 11, 12], [0, 1, 2, 4, 5, 6, 8, 9, 10]], ""batch_size"": 64, ""num_workers"": 0, ""epochs"": 100, ""early_stopping_patience"": 30, ""lr"": 0.001, ""weight_decay"": 0.0001, ""optimizer"": ""adam"", ""grad_clip"": 1.0, ""lr_scheduler"": ""cosine"", ""lr_min"": 1e-05, ""latent_dim"": 64, ""head_hidden"": 32, ""groups"": [{""name"": ""cleveland"", ""encoder"": ""mlp_tabular_ln"", ""input_dim"": 10, ""hidden_dim"": 64, ""dropout"": 0.1}, {""name"": ""hungarian"", ""encoder"": ""mlp_tabular_ln"", ""input_dim"": 8, ""hidden_dim"": 64, ""dropout"": 0.1}, {""name"": ""switzerland"", ""encoder"": ""mlp_tabular_ln"", ""input_dim"": 8, ""hidden_dim"": 64, ""dropout"": 0.1}, {""name"": ""va_long_beach"", ""encoder"": ""mlp_tabular_ln"", ""input_dim"": 9, ""hidden_dim"": 64, ""dropout"": 0.1}], ""anchor_eps"": 0.0001, ""sep_samples_per_class"": 4, ""sep_method"": ""classifier"", ""sep_margin"": 1.0, ""lambda_fit"": 0.001, ""lambda_sep"": 0.001, ""groupdro_enabled"": true, ""groupdro_eta"": 1.0, ""groupdro_gamma"": 0.9, ""groupdro_update_mode"": ""softmax"", ""groupdro_objective"": ""weighted"", ""groupdro_kl_lambda"": 0.0, ""groupdro_uniform_init"": true, ""log_interval"": 20, ""save_every"": 10, ""impute_missing"": true, ""common_encoder"": false, ""use_regret"": false, ""data_split_seed"": 1001}","{""num_groups"": 4, ""num_classes"": 2, ""train_total"": 522, ""test_total"": 185, ""train_group_counts"": [242, 235, 20, 25], ""test_group_counts"": [61, 59, 25, 40], ""train_class_counts"": [287, 235], ""test_class_counts"": [83, 102], ""train_group_class_counts"": [[131, 111], [150, 85], [1, 19], [5, 20]], ""test_group_class_counts"": [[33, 28], [38, 21], [2, 23], [10, 30]], ""group_proportions"": [0.46360153256704983, 0.4501915708812261, 0.038314176245210725, 0.04789272030651341]}","{""num_groups"": 4, ""eta"": 1.0, ""update_mode"": ""softmax"", ""robust_objective"": ""weighted"", ""gamma"": 0.9, ""kl_lambda"": 0.0, ""initial_pi"": [0.4636015295982361, 0.45019155740737915, 0.038314174860715866, 0.04789271950721741]}",2026-09-15T18:55:18.271698,7,0.3632406145334244,0.810546875,0.001,0.772972972972973,0.7905914837454848,0.725,0.92,"[0.7377049180327869, 0.7796610169491526, 0.92, 0.725]","[0.4886406343124929, 0.48730677315744303, 0.38117866557091473, 0.558167266473174]","[0.6746987951807228, 0.8529411764705882]","[[0.7272727272727273, 0.75], [0.8421052631578947, 0.6666666666666666], [0.0, 1.0], [0.0, 0.9666666666666667]]","[61, 59, 25, 40]",0.7664141414141413,"[0.7370689655172413, 0.7570478302185619, 0.4791666666666667, 0.42028985507246375]",0.42028985507246375,0.558167266473174,"[0.276907354593277, 0.2862306833267212, 0.18091042339801788, 0.25595152378082275]","[0.4451921470463276, 0.4676608107984066, 0.04462384176440537, 0.3160892082378268]","[0.27901656925678253, 0.28638009913265705, 0.18678022548556328, 0.247823104262352]","[0.4636015295982361, 0.45019155740737915, 0.038314174860715866, 0.04789271950721741]",0.0
"{""run_name"": ""fedheart_exp_paper_hetagg_gdro"", ""seed"": 42, ""run_dir"": ""runs/eta/fedheart_cur_GroupDRO_s42_f1"", ""use_fedheart"": true, ""num_classes"": 2, ""stratified_batching"": true, ""train_frac"": 0.8, ""group_max_train_samples"": [null, null, 20, 25], ""true_hetero_input_dim"": true, ""feature_mask"": [[0, 1, 2, 3, 5, 6, 7, 8, 9, 10], [0, 1, 2, 3, 5, 6, 11, 12], [0, 1, 2, 4, 5, 7, 11, 12], [0, 1, 2, 4, 5, 6, 8, 9, 10]], ""batch_size"": 64, ""num_workers"": 0, ""epochs"": 100, ""early_stopping_patience"": 30, ""lr"": 0.001, ""weight_decay"": 0.0001, ""optimizer"": ""adam"", ""grad_clip"": 1.0, ""lr_scheduler"": ""cosine"", ""lr_min"": 1e-05, ""latent_dim"": 64, ""head_hidden"": 32, ""groups"": [{""name"": ""cleveland"", ""encoder"": ""mlp_tabular_ln"", ""input_dim"": 10, ""hidden_dim"": 64, ""dropout"": 0.1}, {""name"": ""hungarian"", ""encoder"": ""mlp_tabular_ln"", ""input_dim"": 8, ""hidden_dim"": 64, ""dropout"": 0.1}, {""name"": ""switzerland"", ""encoder"": ""mlp_tabular_ln"", ""input_dim"": 8, ""hidden_dim"": 64, ""dropout"": 0.1}, {""name"": ""va_long_beach"", ""encoder"": ""mlp_tabular_ln"", ""input_dim"": 9, ""hidden_dim"": 64, ""dropout"": 0.1}], ""anchor_eps"": 0.0001, ""sep_samples_per_class"": 4, ""sep_method"": ""classifier"", ""sep_margin"": 1.0, ""lambda_fit"": 0.001, ""lambda_sep"": 0.001, ""groupdro_enabled"": true, ""groupdro_eta"": 1.0, ""groupdro_gamma"": 0.9, ""groupdro_update_mode"": ""softmax"", ""groupdro_objective"": ""weighted"", ""groupdro_kl_lambda"": 0.0, ""groupdro_uniform_init"": true, ""log_interval"": 20, ""save_every"": 10, ""impute_missing"": true, ""common_encoder"": false, ""use_regret"": false, ""data_split_seed"": 1001}","{""num_groups"": 4, ""num_classes"": 2, ""train_total"": 522, ""test_total"": 185, ""train_group_counts"": [242, 235, 20, 25], ""test_group_counts"": [61, 59, 25, 40], ""train_class_counts"": [287, 235], ""test_class_counts"": [83, 102], ""train_group_class_counts"": [[131, 111], [150, 85], [1, 19], [5, 20]], ""test_group_class_counts"": [[33, 28], [38, 21], [2, 23], [10, 30]], ""group_proportions"": [0.46360153256704983, 0.4501915708812261, 0.038314176245210725, 0.04789272030651341]}","{""num_groups"": 4, ""eta"": 1.0, ""update_mode"": ""softmax"", ""robust_objective"": ""weighted"", ""gamma"": 0.9, ""kl_lambda"": 0.0, ""initial_pi"": [0.4636015295982361, 0.45019155740737915, 0.038314174860715866, 0.04789271950721741]}",2026-09-15T18:55:18.271698,8,0.35300355963408947,0.826171875,0.001,0.7891891891891892,0.8051771325368158,0.75,0.92,"[0.7540983606557377, 0.7966101694915254, 0.92, 0.75]","[0.48580584027728096, 0.5009495286997092, 0.40909894421696663, 0.5809873743448406]","[0.7108433734939759, 0.8529411764705882]","[[0.7878787878787878, 0.7142857142857143], [0.8421052631578947, 0.7142857142857143], [0.0, 1.0], [0.1, 0.9666666666666667]]","[61, 59, 25, 40]",0.7842468825693011,"[0.7516960651289009, 0.7781954887218046, 0.4791666666666667, 0.5098039215686275]",0.4791666666666667,0.5809873743448406,"[0.25011399388313293, 0.27145981788635254, 0.16611602902412415, 0.312310129404068]","[0.4137643910944462, 0.44399555400013924, 0.1257609454332851, 0.30075661186128855]","[0.2694833930581808, 0.27856095880270004, 0.2081091720610857, 0.2438464593142271]","[0.4636015295982361, 0.45019155740737915, 0.038314174860715866, 0.04789271950721741]",0.0
"{""run_name"": ""fedheart_exp_paper_hetagg_gdro"", ""seed"": 42, ""run_dir"": ""runs/eta/fedheart_cur_GroupDRO_s42_f1"", ""use_fedheart"": true, ""num_classes"": 2, ""stratified_batching"": true, ""train_frac"": 0.8, ""group_max_train_samples"": [null, null, 20, 25], ""true_hetero_input_dim"": true, ""feature_mask"": [[0, 1, 2, 3, 5, 6, 7, 8, 9, 10], [0, 1, 2, 3, 5, 6, 11, 12], [0, 1, 2, 4, 5, 7, 11, 12], [0, 1, 2, 4, 5, 6, 8, 9, 10]], ""batch_size"": 64, ""num_workers"": 0, ""epochs"": 100, ""early_stopping_patience"": 30, ""lr"": 0.001, ""weight_decay"": 0.0001, ""optimizer"": ""adam"", ""grad_clip"": 1.0, ""lr_scheduler"": ""cosine"", ""lr_min"": 1e-05, ""latent_dim"": 64, ""head_hidden"": 32, ""groups"": [{""name"": ""cleveland"", ""encoder"": ""mlp_tabular_ln"", ""input_dim"": 10, ""hidden_dim"": 64, ""dropout"": 0.1}, {""name"": ""hungarian"", ""encoder"": ""mlp_tabular_ln"", ""input_dim"": 8, ""hidden_dim"": 64, ""dropout"": 0.1}, {""name"": ""switzerland"", ""encoder"": ""mlp_tabular_ln"", ""input_dim"": 8, ""hidden_dim"": 64, ""dropout"": 0.1}, {""name"": ""va_long_beach"", ""encoder"": ""mlp_tabular_ln"", ""input_dim"": 9, ""hidden_dim"": 64, ""dropout"": 0.1}], ""anchor_eps"": 0.0001, ""sep_samples_per_class"": 4, ""sep_method"": ""classifier"", ""sep_margin"": 1.0, ""lambda_fit"": 0.001, ""lambda_sep"": 0.001, ""groupdro_enabled"": true, ""groupdro_eta"": 1.0, ""groupdro_gamma"": 0.9, ""groupdro_update_mode"": ""softmax"", ""groupdro_objective"": ""weighted"", ""groupdro_kl_lambda"": 0.0, ""groupdro_uniform_init"": true, ""log_interval"": 20, ""save_every"": 10, ""impute_missing"": true, ""common_encoder"": false, ""use_regret"": false, ""data_split_seed"": 1001}","{""num_groups"": 4, ""num_classes"": 2, ""train_total"": 522, ""test_total"": 185, ""train_group_counts"": [242, 235, 20, 25], ""test_group_counts"": [61, 59, 25, 40], ""train_class_counts"": [287, 235], ""test_class_counts"": [83, 102], ""train_group_class_counts"": [[131, 111], [150, 85], [1, 19], [5, 20]], ""test_group_class_counts"": [[33, 28], [38, 21], [2, 23], [10, 30]], ""group_proportions"": [0.46360153256704983, 0.4501915708812261, 0.038314176245210725, 0.04789272030651341]}","{""num_groups"": 4, ""eta"": 1.0, ""update_mode"": ""softmax"", ""robust_objective"": ""weighted"", ""gamma"": 0.9, ""kl_lambda"": 0.0, ""initial_pi"": [0.4636015295982361, 0.45019155740737915, 0.038314174860715866, 0.04789271950721741]}",2026-09-15T18:55:18.271698,9,0.35006437823176384,0.822265625,0.001,0.8,0.8135127813281468,0.75,0.92,"[0.7704918032786885, 0.8135593220338984, 0.92, 0.75]","[0.49683322940693525, 0.5165862225122371, 0.43694086764007806, 0.6075222969753667]","[0.7108433734939759, 0.8725490196078431]","[[0.7878787878787878, 0.75], [0.8421052631578947, 0.7619047619047619], [0.0, 1.0], [0.1, 0.9666666666666667]]","[61, 59, 25, 40]",0.7945986496624156,"[0.7689393939393939, 0.7987596899224807, 0.4791666666666667, 0.5098039215686275]",0.4791666666666667,0.6075222969753667,"[0.2283264547586441, 0.1861739158630371, 0.4253246486186981, 0.16017507016658783]","[0.4291727803647518, 0.4224287513643503, 0.14790922321844846, 0.22345652687363327]","[0.2772445064038038, 0.2773120626807213, 0.21767603605985641, 0.22776741161942482]","[0.4636015295982361, 0.45019155740737915, 0.038314174860715866, 0.04789271950721741]",0.0
"{""run_name"": ""fedheart_exp_paper_hetagg_gdro"", ""seed"": 42, ""run_dir"": ""runs/eta/fedheart_cur_GroupDRO_s42_f1"", ""use_fedheart"": true, ""num_classes"": 2, ""stratified_batching"": true, ""train_frac"": 0.8, ""group_max_train_samples"": [null, null, 20, 25], ""true_hetero_input_dim"": true, ""feature_mask"": [[0, 1, 2, 3, 5, 6, 7, 8, 9, 10], [0, 1, 2, 3, 5, 6, 11, 12], [0, 1, 2, 4, 5, 7, 11, 12], [0, 1, 2, 4, 5, 6, 8, 9, 10]], ""batch_size"": 64, ""num_workers"": 0, ""epochs"": 100, ""early_stopping_patience"": 30, ""lr"": 0.001, ""weight_decay"": 0.0001, ""optimizer"": ""adam"", ""grad_clip"": 1.0, ""lr_scheduler"": ""cosine"", ""lr_min"": 1e-05, ""latent_dim"": 64, ""head_hidden"": 32, ""groups"": [{""name"": ""cleveland"", ""encoder"": ""mlp_tabular_ln"", ""input_dim"": 10, ""hidden_dim"": 64, ""dropout"": 0.1}, {""name"": ""hungarian"", ""encoder"": ""mlp_tabular_ln"", ""input_dim"": 8, ""hidden_dim"": 64, ""dropout"": 0.1}, {""name"": ""switzerland"", ""encoder"": ""mlp_tabular_ln"", ""input_dim"": 8, ""hidden_dim"": 64, ""dropout"": 0.1}, {""name"": ""va_long_beach"", ""encoder"": ""mlp_tabular_ln"", ""input_dim"": 9, ""hidden_dim"": 64, ""dropout"": 0.1}], ""anchor_eps"": 0.0001, ""sep_samples_per_class"": 4, ""sep_method"": ""classifier"", ""sep_margin"": 1.0, ""lambda_fit"": 0.001, ""lambda_sep"": 0.001, ""groupdro_enabled"": true, ""groupdro_eta"": 1.0, ""groupdro_gamma"": 0.9, ""groupdro_update_mode"": ""softmax"", ""groupdro_objective"": ""weighted"", ""groupdro_kl_lambda"": 0.0, ""groupdro_uniform_init"": true, ""log_interval"": 20, ""save_every"": 10, ""impute_missing"": true, ""common_encoder"": false, ""use_regret"": false, ""data_split_seed"": 1001}","{""num_groups"": 4, ""num_classes"": 2, ""train_total"": 522, ""test_total"": 185, ""train_group_counts"": [242, 235, 20, 25], ""test_group_counts"": [61, 59, 25, 40], ""train_class_counts"": [287, 235], ""test_class_counts"": [83, 102], ""train_group_class_counts"": [[131, 111], [150, 85], [1, 19], [5, 20]], ""test_group_class_counts"": [[33, 28], [38, 21], [2, 23], [10, 30]], ""group_proportions"": [0.46360153256704983, 0.4501915708812261, 0.038314176245210725, 0.04789272030651341]}","{""num_groups"": 4, ""eta"": 1.0, ""update_mode"": ""softmax"", ""robust_objective"": ""weighted"", ""gamma"": 0.9, ""kl_lambda"": 0.0, ""initial_pi"": [0.4636015295982361, 0.45019155740737915, 0.038314174860715866, 0.04789271950721741]}",2026-09-15T18:55:18.271698,10,0.3127840142697096,0.83203125,0.001,0.7891891891891892,0.8051771325368158,0.75,0.92,"[0.7540983606557377, 0.7966101694915254, 0.92, 0.75]","[0.5039846935599553, 0.5360103353731713, 0.46016387003473935, 0.6603525546961464]","[0.6987951807228916, 0.8627450980392157]","[[0.7575757575757576, 0.75], [0.8421052631578947, 0.7142857142857143], [0.0, 1.0], [0.1, 0.9666666666666667]]","[61, 59, 25, 40]",0.7834958739684921,"[0.7530364372469636, 0.7781954887218046, 0.4791666666666667, 0.5098039215686275]",0.4791666666666667,0.6603525546961464,"[0.2908935248851776, 0.27451080083847046, 0.17519818246364594, 0.2593975365161896]","[0.41825370863080025, 0.42987488582730293, 0.013304263644386083, 0.2242225097725168]","[0.28533297032117844, 0.2885433677583933, 0.19015592150390148, 0.23596776649355888]","[0.4636015295982361, 0.45019155740737915, 0.038314174860715866, 0.04789271950721741]",0.0
"{""run_name"": ""fedheart_exp_paper_hetagg_gdro"", ""seed"": 42, ""run_dir"": ""runs/eta/fedheart_cur_GroupDRO_s42_f1"", ""use_fedheart"": true, ""num_classes"": 2, ""stratified_batching"": true, ""train_frac"": 0.8, ""group_max_train_samples"": [null, null, 20, 25], ""true_hetero_input_dim"": true, ""feature_mask"": [[0, 1, 2, 3, 5, 6, 7, 8, 9, 10], [0, 1, 2, 3, 5, 6, 11, 12], [0, 1, 2, 4, 5, 7, 11, 12], [0, 1, 2, 4, 5, 6, 8, 9, 10]], ""batch_size"": 64, ""num_workers"": 0, ""epochs"": 100, ""early_stopping_patience"": 30, ""lr"": 0.001, ""weight_decay"": 0.0001, ""optimizer"": ""adam"", ""grad_clip"": 1.0, ""lr_scheduler"": ""cosine"", ""lr_min"": 1e-05, ""latent_dim"": 64, ""head_hidden"": 32, ""groups"": [{""name"": ""cleveland"", ""encoder"": ""mlp_tabular_ln"", ""input_dim"": 10, ""hidden_dim"": 64, ""dropout"": 0.1}, {""name"": ""hungarian"", ""encoder"": ""mlp_tabular_ln"", ""input_dim"": 8, ""hidden_dim"": 64, ""dropout"": 0.1}, {""name"": ""switzerland"", ""encoder"": ""mlp_tabular_ln"", ""input_dim"": 8, ""hidden_dim"": 64, ""dropout"": 0.1}, {""name"": ""va_long_beach"", ""encoder"": ""mlp_tabular_ln"", ""input_dim"": 9, ""hidden_dim"": 64, ""dropout"": 0.1}], ""anchor_eps"": 0.0001, ""sep_samples_per_class"": 4, ""sep_method"": ""classifier"", ""sep_margin"": 1.0, ""lambda_fit"": 0.001, ""lambda_sep"": 0.001, ""groupdro_enabled"": true, ""groupdro_eta"": 1.0, ""groupdro_gamma"": 0.9, ""groupdro_update_mode"": ""softmax"", ""groupdro_objective"": ""weighted"", ""groupdro_kl_lambda"": 0.0, ""groupdro_uniform_init"": true, ""log_interval"": 20, ""save_every"": 10, ""impute_missing"": true, ""common_encoder"": false, ""use_regret"": false, ""data_split_seed"": 1001}","{""num_groups"": 4, ""num_classes"": 2, ""train_total"": 522, ""test_total"": 185, ""train_group_counts"": [242, 235, 20, 25], ""test_group_counts"": [61, 59, 25, 40], ""train_class_counts"": [287, 235], ""test_class_counts"": [83, 102], ""train_group_class_counts"": [[131, 111], [150, 85], [1, 19], [5, 20]], ""test_group_class_counts"": [[33, 28], [38, 21], [2, 23], [10, 30]], ""group_proportions"": [0.46360153256704983, 0.4501915708812261, 0.038314176245210725, 0.04789272030651341]}","{""num_groups"": 4, ""eta"": 1.0, ""update_mode"": ""softmax"", ""robust_objective"": ""weighted"", ""gamma"": 0.9, ""kl_lambda"": 0.0, ""initial_pi"": [0.4636015295982361, 0.45019155740737915, 0.038314174860715866, 0.04789271950721741]}",2026-09-15T18:55:18.271698,11,0.30981382355093956,0.84375,0.001,0.7945945945945946,0.8092754931925534,0.75,0.92,"[0.7704918032786885, 0.7966101694915254, 0.92, 0.75]","[0.5048199926548805, 0.5613285555993601, 0.4882337795849889, 0.6998730720893945]","[0.6987951807228916, 0.8725490196078431]","[[0.7575757575757576, 0.7857142857142857], [0.8421052631578947, 0.7142857142857143], [0.0, 1.0], [0.1, 0.9666666666666667]]","[61, 59, 25, 40]",0.7886604136604136,"[0.7699353448275861, 0.7781954887218046, 0.4791666666666667, 0.5098039215686275]",0.4791666666666667,0.6998730720893945,"[0.2035987228155136, 0.27395498752593994, 0.2687160074710846, 0.25373026728630066]","[0.37040305510163307, 0.40890862606465816, 0.09033925045514479, 0.21960197750013322]","[0.2742227967828512, 0.2833222858607769, 0.20690728351473808, 0.23554765060544014]","[0.4636015295982361, 0.45019155740737915, 0.038314174860715866, 0.04789271950721741]",0.0
"{""run_name"": ""fedheart_exp_paper_hetagg_gdro"", ""seed"": 42, ""run_dir"": ""runs/eta/fedheart_cur_GroupDRO_s42_f1"", ""use_fedheart"": true, ""num_classes"": 2, ""stratified_batching"": true, ""train_frac"": 0.8, ""group_max_train_samples"": [null, null, 20, 25], ""true_hetero_input_dim"": true, ""feature_mask"": [[0, 1, 2, 3, 5, 6, 7, 8, 9, 10], [0, 1, 2, 3, 5, 6, 11, 12], [0, 1, 2, 4, 5, 7, 11, 12], [0, 1, 2, 4, 5, 6, 8, 9, 10]], ""batch_size"": 64, ""num_workers"": 0, ""epochs"": 100, ""early_stopping_patience"": 30, ""lr"": 0.001, ""weight_decay"": 0.0001, ""optimizer"": ""adam"", ""grad_clip"": 1.0, ""lr_scheduler"": ""cosine"", ""lr_min"": 1e-05, ""latent_dim"": 64, ""head_hidden"": 32, ""groups"": [{""name"": ""cleveland"", ""encoder"": ""mlp_tabular_ln"", ""input_dim"": 10, ""hidden_dim"": 64, ""dropout"": 0.1}, {""name"": ""hungarian"", ""encoder"": ""mlp_tabular_ln"", ""input_dim"": 8, ""hidden_dim"": 64, ""dropout"": 0.1}, {""name"": ""switzerland"", ""encoder"": ""mlp_tabular_ln"", ""input_dim"": 8, ""hidden_dim"": 64, ""dropout"": 0.1}, {""name"": ""va_long_beach"", ""encoder"": ""mlp_tabular_ln"", ""input_dim"": 9, ""hidden_dim"": 64, ""dropout"": 0.1}], ""anchor_eps"": 0.0001, ""sep_samples_per_class"": 4, ""sep_method"": ""classifier"", ""sep_margin"": 1.0, ""lambda_fit"": 0.001, ""lambda_sep"": 0.001, ""groupdro_enabled"": true, ""groupdro_eta"": 1.0, ""groupdro_gamma"": 0.9, ""groupdro_update_mode"": ""softmax"", ""groupdro_objective"": ""weighted"", ""groupdro_kl_lambda"": 0.0, ""groupdro_uniform_init"": true, ""log_interval"": 20, ""save_every"": 10, ""impute_missing"": true, ""common_encoder"": false, ""use_regret"": false, ""data_split_seed"": 1001}","{""num_groups"": 4, ""num_classes"": 2, ""train_total"": 522, ""test_total"": 185, ""train_group_counts"": [242, 235, 20, 25], ""test_group_counts"": [61, 59, 25, 40], ""train_class_counts"": [287, 235], ""test_class_counts"": [83, 102], ""train_group_class_counts"": [[131, 111], [150, 85], [1, 19], [5, 20]], ""test_group_class_counts"": [[33, 28], [38, 21], [2, 23], [10, 30]], ""group_proportions"": [0.46360153256704983, 0.4501915708812261, 0.038314176245210725, 0.04789272030651341]}","{""num_groups"": 4, ""eta"": 1.0, ""update_mode"": ""softmax"", ""robust_objective"": ""weighted"", ""gamma"": 0.9, ""kl_lambda"": 0.0, ""initial_pi"": [0.4636015295982361, 0.45019155740737915, 0.038314174860715866, 0.04789271950721741]}",2026-09-15T18:55:18.271698,12,0.30421080254018307,0.849609375,0.001,0.7945945945945946,0.8092754931925534,0.75,0.92,"[0.7704918032786885, 0.7966101694915254, 0.92, 0.75]","[0.4987346902795014, 0.588809426463509, 0.520121184294112, 0.7528558568214067]","[0.7108433734939759, 0.8627450980392157]","[[0.7878787878787878, 0.75], [0.8421052631578947, 0.7142857142857143], [0.0, 1.0], [0.1, 0.9666666666666667]]","[61, 59, 25, 40]",0.7894200814761563,"[0.7689393939393939, 0.7781954887218046, 0.4791666666666667, 0.5098039215686275]",0.4791666666666667,0.7528558568214067,"[0.26805368065834045, 0.31656041741371155, 0.15999895334243774, 0.25538697838783264]","[0.4211662244051695, 0.444580378010869, 0.017210714911925606, 0.1348881713929586]","[0.2904506251215935, 0.2980313338339329, 0.19363669119775295, 0.21788136661052704]","[0.4636015295982361, 0.45019155740737915, 0.038314174860715866, 0.04789271950721741]",0.0
"{""run_name"": ""fedheart_exp_paper_hetagg_gdro"", ""seed"": 42, ""run_dir"": ""runs/eta/fedheart_cur_GroupDRO_s42_f1"", ""use_fedheart"": true, ""num_classes"": 2, ""stratified_batching"": true, ""train_frac"": 0.8, ""group_max_train_samples"": [null, null, 20, 25], ""true_hetero_input_dim"": true, ""feature_mask"": [[0, 1, 2, 3, 5, 6, 7, 8, 9, 10], [0, 1, 2, 3, 5, 6, 11, 12], [0, 1, 2, 4, 5, 7, 11, 12], [0, 1, 2, 4, 5, 6, 8, 9, 10]], ""batch_size"": 64, ""num_workers"": 0, ""epochs"": 100, ""early_stopping_patience"": 30, ""lr"": 0.001, ""weight_decay"": 0.0001, ""optimizer"": ""adam"", ""grad_clip"": 1.0, ""lr_scheduler"": ""cosine"", ""lr_min"": 1e-05, ""latent_dim"": 64, ""head_hidden"": 32, ""groups"": [{""name"": ""cleveland"", ""encoder"": ""mlp_tabular_ln"", ""input_dim"": 10, ""hidden_dim"": 64, ""dropout"": 0.1}, {""name"": ""hungarian"", ""encoder"": ""mlp_tabular_ln"", ""input_dim"": 8, ""hidden_dim"": 64, ""dropout"": 0.1}, {""name"": ""switzerland"", ""encoder"": ""mlp_tabular_ln"", ""input_dim"": 8, ""hidden_dim"": 64, ""dropout"": 0.1}, {""name"": ""va_long_beach"", ""encoder"": ""mlp_tabular_ln"", ""input_dim"": 9, ""hidden_dim"": 64, ""dropout"": 0.1}], ""anchor_eps"": 0.0001, ""sep_samples_per_class"": 4, ""sep_method"": ""classifier"", ""sep_margin"": 1.0, ""lambda_fit"": 0.001, ""lambda_sep"": 0.001, ""groupdro_enabled"": true, ""groupdro_eta"": 1.0, ""groupdro_gamma"": 0.9, ""groupdro_update_mode"": ""softmax"", ""groupdro_objective"": ""weighted"", ""groupdro_kl_lambda"": 0.0, ""groupdro_uniform_init"": true, ""log_interval"": 20, ""save_every"": 10, ""impute_missing"": true, ""common_encoder"": false, ""use_regret"": false, ""data_split_seed"": 1001}","{""num_groups"": 4, ""num_classes"": 2, ""train_total"": 522, ""test_total"": 185, ""train_group_counts"": [242, 235, 20, 25], ""test_group_counts"": [61, 59, 25, 40], ""train_class_counts"": [287, 235], ""test_class_counts"": [83, 102], ""train_group_class_counts"": [[131, 111], [150, 85], [1, 19], [5, 20]], ""test_group_class_counts"": [[33, 28], [38, 21], [2, 23], [10, 30]], ""group_proportions"": [0.46360153256704983, 0.4501915708812261, 0.038314176245210725, 0.04789272030651341]}","{""num_groups"": 4, ""eta"": 1.0, ""update_mode"": ""softmax"", ""robust_objective"": ""weighted"", ""gamma"": 0.9, ""kl_lambda"": 0.0, ""initial_pi"": [0.4636015295982361, 0.45019155740737915, 0.038314174860715866, 0.04789271950721741]}",2026-09-15T18:55:18.271698,13,0.3105514068156481,0.84375,0.001,0.8,0.8135127813281468,0.75,0.92,"[0.7704918032786885, 0.8135593220338984, 0.92, 0.75]","[0.5047125647485745, 0.59277629861766, 0.5440631313901395, 0.7908372057892847]","[0.7108433734939759, 0.8725490196078431]","[[0.7878787878787878, 0.75], [0.8421052631578947, 0.7619047619047619], [0.0, 1.0], [0.1, 0.9666666666666667]]","[61, 59, 25, 40]",0.7945986496624156,"[0.7689393939393939, 0.7987596899224807, 0.4791666666666667, 0.5098039215686275]",0.4791666666666667,0.7908372057892847,"[0.24405406415462494, 0.26850807666778564, 0.18122194707393646, 0.30621591210365295]","[0.3769621439278126, 0.4258629363030195, 0.05307445787184406, 0.23300316650420427]","[0.2737796064466238, 0.28780026361346245, 0.1982003077864647, 0.24021982587873936]","[0.4636015295982361, 0.45019155740737915, 0.038314174860715866, 0.04789271950721741]",0.0
"{""run_name"": ""fedheart_exp_paper_hetagg_gdro"", ""seed"": 42, ""run_dir"": ""runs/eta/fedheart_cur_GroupDRO_s42_f1"", ""use_fedheart"": true, ""num_classes"": 2, ""stratified_batching"": true, ""train_frac"": 0.8, ""group_max_train_samples"": [null, null, 20, 25], ""true_hetero_input_dim"": true, ""feature_mask"": [[0, 1, 2, 3, 5, 6, 7, 8, 9, 10], [0, 1, 2, 3, 5, 6, 11, 12], [0, 1, 2, 4, 5, 7, 11, 12], [0, 1, 2, 4, 5, 6, 8, 9, 10]], ""batch_size"": 64, ""num_workers"": 0, ""epochs"": 100, ""early_stopping_patience"": 30, ""lr"": 0.001, ""weight_decay"": 0.0001, ""optimizer"": ""adam"", ""grad_clip"": 1.0, ""lr_scheduler"": ""cosine"", ""lr_min"": 1e-05, ""latent_dim"": 64, ""head_hidden"": 32, ""groups"": [{""name"": ""cleveland"", ""encoder"": ""mlp_tabular_ln"", ""input_dim"": 10, ""hidden_dim"": 64, ""dropout"": 0.1}, {""name"": ""hungarian"", ""encoder"": ""mlp_tabular_ln"", ""input_dim"": 8, ""hidden_dim"": 64, ""dropout"": 0.1}, {""name"": ""switzerland"", ""encoder"": ""mlp_tabular_ln"", ""input_dim"": 8, ""hidden_dim"": 64, ""dropout"": 0.1}, {""name"": ""va_long_beach"", ""encoder"": ""mlp_tabular_ln"", ""input_dim"": 9, ""hidden_dim"": 64, ""dropout"": 0.1}], ""anchor_eps"": 0.0001, ""sep_samples_per_class"": 4, ""sep_method"": ""classifier"", ""sep_margin"": 1.0, ""lambda_fit"": 0.001, ""lambda_sep"": 0.001, ""groupdro_enabled"": true, ""groupdro_eta"": 1.0, ""groupdro_gamma"": 0.9, ""groupdro_update_mode"": ""softmax"", ""groupdro_objective"": ""weighted"", ""groupdro_kl_lambda"": 0.0, ""groupdro_uniform_init"": true, ""log_interval"": 20, ""save_every"": 10, ""impute_missing"": true, ""common_encoder"": false, ""use_regret"": false, ""data_split_seed"": 1001}","{""num_groups"": 4, ""num_classes"": 2, ""train_total"": 522, ""test_total"": 185, ""train_group_counts"": [242, 235, 20, 25], ""test_group_counts"": [61, 59, 25, 40], ""train_class_counts"": [287, 235], ""test_class_counts"": [83, 102], ""train_group_class_counts"": [[131, 111], [150, 85], [1, 19], [5, 20]], ""test_group_class_counts"": [[33, 28], [38, 21], [2, 23], [10, 30]], ""group_proportions"": [0.46360153256704983, 0.4501915708812261, 0.038314176245210725, 0.04789272030651341]}","{""num_groups"": 4, ""eta"": 1.0, ""update_mode"": ""softmax"", ""robust_objective"": ""weighted"", ""gamma"": 0.9, ""kl_lambda"": 0.0, ""initial_pi"": [0.4636015295982361, 0.45019155740737915, 0.038314174860715866, 0.04789271950721741]}",2026-09-15T18:55:18.271698,14,0.2843459974974394,0.849609375,0.001,0.7891891891891892,0.7992754931925534,0.75,0.88,"[0.7704918032786885, 0.7966101694915254, 0.88, 0.75]","[0.5045520551350029, 0.5845979837921716, 0.5703413058724255, 0.8048798126808834]","[0.6987951807228916, 0.8627450980392157]","[[0.7575757575757576, 0.7857142857142857], [0.8421052631578947, 0.7142857142857143], [0.0, 0.9565217391304348], [0.1, 0.9666666666666667]]","[61, 59, 25, 40]",0.7834958739684921,"[0.7699353448275861, 0.7781954887218046, 0.4680851063829787, 0.5098039215686275]",0.4680851063829787,0.8048798126808834,"[0.26326459646224976, 0.2736155688762665, 0.17233522236347198, 0.29078465700149536]","[0.3778817281126976, 0.39855683594942093, 0.008855691776261665, 0.17815851350314915]","[0.2831411976367235, 0.28827543556690216, 0.195188095793128, 0.23339529521763325]","[0.4636015295982361, 0.45019155740737915, 0.038314174860715866, 0.04789271950721741]",0.0
"{""run_name"": ""fedheart_exp_paper_hetagg_gdro"", ""seed"": 42, ""run_dir"": ""runs/eta/fedheart_cur_GroupDRO_s42_f1"", ""use_fedheart"": true, ""num_classes"": 2, ""stratified_batching"": true, ""train_frac"": 0.8, ""group_max_train_samples"": [null, null, 20, 25], ""true_hetero_input_dim"": true, ""feature_mask"": [[0, 1, 2, 3, 5, 6, 7, 8, 9, 10], [0, 1, 2, 3, 5, 6, 11, 12], [0, 1, 2, 4, 5, 7, 11, 12], [0, 1, 2, 4, 5, 6, 8, 9, 10]], ""batch_size"": 64, ""num_workers"": 0, ""epochs"": 100, ""early_stopping_patience"": 30, ""lr"": 0.001, ""weight_decay"": 0.0001, ""optimizer"": ""adam"", ""grad_clip"": 1.0, ""lr_scheduler"": ""cosine"", ""lr_min"": 1e-05, ""latent_dim"": 64, ""head_hidden"": 32, ""groups"": [{""name"": ""cleveland"", ""encoder"": ""mlp_tabular_ln"", ""input_dim"": 10, ""hidden_dim"": 64, ""dropout"": 0.1}, {""name"": ""hungarian"", ""encoder"": ""mlp_tabular_ln"", ""input_dim"": 8, ""hidden_dim"": 64, ""dropout"": 0.1}, {""name"": ""switzerland"", ""encoder"": ""mlp_tabular_ln"", ""input_dim"": 8, ""hidden_dim"": 64, ""dropout"": 0.1}, {""name"": ""va_long_beach"", ""encoder"": ""mlp_tabular_ln"", ""input_dim"": 9, ""hidden_dim"": 64, ""dropout"": 0.1}], ""anchor_eps"": 0.0001, ""sep_samples_per_class"": 4, ""sep_method"": ""classifier"", ""sep_margin"": 1.0, ""lambda_fit"": 0.001, ""lambda_sep"": 0.001, ""groupdro_enabled"": true, ""groupdro_eta"": 1.0, ""groupdro_gamma"": 0.9, ""groupdro_update_mode"": ""softmax"", ""groupdro_objective"": ""weighted"", ""groupdro_kl_lambda"": 0.0, ""groupdro_uniform_init"": true, ""log_interval"": 20, ""save_every"": 10, ""impute_missing"": true, ""common_encoder"": false, ""use_regret"": false, ""data_split_seed"": 1001}","{""num_groups"": 4, ""num_classes"": 2, ""train_total"": 522, ""test_total"": 185, ""train_group_counts"": [242, 235, 20, 25], ""test_group_counts"": [61, 59, 25, 40], ""train_class_counts"": [287, 235], ""test_class_counts"": [83, 102], ""train_group_class_counts"": [[131, 111], [150, 85], [1, 19], [5, 20]], ""test_group_class_counts"": [[33, 28], [38, 21], [2, 23], [10, 30]], ""group_proportions"": [0.46360153256704983, 0.4501915708812261, 0.038314176245210725, 0.04789272030651341]}","{""num_groups"": 4, ""eta"": 1.0, ""update_mode"": ""softmax"", ""robust_objective"": ""weighted"", ""gamma"": 0.9, ""kl_lambda"": 0.0, ""initial_pi"": [0.4636015295982361, 0.45019155740737915, 0.038314174860715866, 0.04789271950721741]}",2026-09-15T18:55:18.271698,15,0.2569157090038061,0.841796875,0.001,0.7945945945945946,0.8035127813281467,0.75,0.88,"[0.7704918032786885, 0.8135593220338984, 0.88, 0.75]","[0.49818643167248516, 0.6143733838225826, 0.5978947843890637, 0.7971563094441081]","[0.6987951807228916, 0.8725490196078431]","[[0.7575757575757576, 0.7857142857142857], [0.8421052631578947, 0.7619047619047619], [0.0, 0.9565217391304348], [0.1, 0.9666666666666667]]","[61, 59, 25, 40]",0.7886604136604136,"[0.7699353448275861, 0.7987596899224807, 0.4680851063829787, 0.5098039215686275]",0.4680851063829787,0.7971563094441081,"[0.2820512056350708, 0.30286264419555664, 0.20175185799598694, 0.2133343368768692]","[0.36201750859618187, 0.4024668224155903, 0.013071137625956908, 0.06951487201149575]","[0.2864440903067589, 0.2980601266026497, 0.20182186737656593, 0.21367393992841244]","[0.4636015295982361, 0.45019155740737915, 0.038314174860715866, 0.04789271950721741]",0.0
"{""run_name"": ""fedheart_exp_paper_hetagg_gdro"", ""seed"": 42, ""run_dir"": ""runs/eta/fedheart_cur_GroupDRO_s42_f1"", ""use_fedheart"": true, ""num_classes"": 2, ""stratified_batching"": true, ""train_frac"": 0.8, ""group_max_train_samples"": [null, null, 20, 25], ""true_hetero_input_dim"": true, ""feature_mask"": [[0, 1, 2, 3, 5, 6, 7, 8, 9, 10], [0, 1, 2, 3, 5, 6, 11, 12], [0, 1, 2, 4, 5, 7, 11, 12], [0, 1, 2, 4, 5, 6, 8, 9, 10]], ""batch_size"": 64, ""num_workers"": 0, ""epochs"": 100, ""early_stopping_patience"": 30, ""lr"": 0.001, ""weight_decay"": 0.0001, ""optimizer"": ""adam"", ""grad_clip"": 1.0, ""lr_scheduler"": ""cosine"", ""lr_min"": 1e-05, ""latent_dim"": 64, ""head_hidden"": 32, ""groups"": [{""name"": ""cleveland"", ""encoder"": ""mlp_tabular_ln"", ""input_dim"": 10, ""hidden_dim"": 64, ""dropout"": 0.1}, {""name"": ""hungarian"", ""encoder"": ""mlp_tabular_ln"", ""input_dim"": 8, ""hidden_dim"": 64, ""dropout"": 0.1}, {""name"": ""switzerland"", ""encoder"": ""mlp_tabular_ln"", ""input_dim"": 8, ""hidden_dim"": 64, ""dropout"": 0.1}, {""name"": ""va_long_beach"", ""encoder"": ""mlp_tabular_ln"", ""input_dim"": 9, ""hidden_dim"": 64, ""dropout"": 0.1}], ""anchor_eps"": 0.0001, ""sep_samples_per_class"": 4, ""sep_method"": ""classifier"", ""sep_margin"": 1.0, ""lambda_fit"": 0.001, ""lambda_sep"": 0.001, ""groupdro_enabled"": true, ""groupdro_eta"": 1.0, ""groupdro_gamma"": 0.9, ""groupdro_update_mode"": ""softmax"", ""groupdro_objective"": ""weighted"", ""groupdro_kl_lambda"": 0.0, ""groupdro_uniform_init"": true, ""log_interval"": 20, ""save_every"": 10, ""impute_missing"": true, ""common_encoder"": false, ""use_regret"": false, ""data_split_seed"": 1001}","{""num_groups"": 4, ""num_classes"": 2, ""train_total"": 522, ""test_total"": 185, ""train_group_counts"": [242, 235, 20, 25], ""test_group_counts"": [61, 59, 25, 40], ""train_class_counts"": [287, 235], ""test_class_counts"": [83, 102], ""train_group_class_counts"": [[131, 111], [150, 85], [1, 19], [5, 20]], ""test_group_class_counts"": [[33, 28], [38, 21], [2, 23], [10, 30]], ""group_proportions"": [0.46360153256704983, 0.4501915708812261, 0.038314176245210725, 0.04789272030651341]}","{""num_groups"": 4, ""eta"": 1.0, ""update_mode"": ""softmax"", ""robust_objective"": ""weighted"", ""gamma"": 0.9, ""kl_lambda"": 0.0, ""initial_pi"": [0.4636015295982361, 0.45019155740737915, 0.038314174860715866, 0.04789271950721741]}",2026-09-15T18:55:18.271698,16,0.2690542973577976,0.84765625,0.001,0.8,0.8117754931925535,0.7704918032786885,0.88,"[0.7704918032786885, 0.7966101694915254, 0.88, 0.8]","[0.504356124636824, 0.6431063153481079, 0.6237961265747436, 0.804172503753216]","[0.7108433734939759, 0.8725490196078431]","[[0.7575757575757576, 0.7857142857142857], [0.8157894736842105, 0.7619047619047619], [0.0, 0.9565217391304348], [0.3, 0.9666666666666667]]","[61, 59, 25, 40]",0.7945986496624156,"[0.7699353448275861, 0.7825552825552824, 0.4680851063829787, 0.6536796536796536]",0.4680851063829787,0.804172503753216,"[0.28414976596832275, 0.28472310304641724, 0.20661507546901703, 0.22451210021972656]","[0.3808469194918871, 0.39926397800445557, 0.0052673585450975224, 0.11287028715014458]","[0.288495235145092, 0.2934005446732044, 0.19749181903898716, 0.2206124160438776]","[0.4636015295982361, 0.45019155740737915, 0.038314174860715866, 0.04789271950721741]",0.0
"{""run_name"": ""fedheart_exp_paper_hetagg_gdro"", ""seed"": 42, ""run_dir"": ""runs/eta/fedheart_cur_GroupDRO_s42_f1"", ""use_fedheart"": true, ""num_classes"": 2, ""stratified_batching"": true, ""train_frac"": 0.8, ""group_max_train_samples"": [null, null, 20, 25], ""true_hetero_input_dim"": true, ""feature_mask"": [[0, 1, 2, 3, 5, 6, 7, 8, 9, 10], [0, 1, 2, 3, 5, 6, 11, 12], [0, 1, 2, 4, 5, 7, 11, 12], [0, 1, 2, 4, 5, 6, 8, 9, 10]], ""batch_size"": 64, ""num_workers"": 0, ""epochs"": 100, ""early_stopping_patience"": 30, ""lr"": 0.001, ""weight_decay"": 0.0001, ""optimizer"": ""adam"", ""grad_clip"": 1.0, ""lr_scheduler"": ""cosine"", ""lr_min"": 1e-05, ""latent_dim"": 64, ""head_hidden"": 32, ""groups"": [{""name"": ""cleveland"", ""encoder"": ""mlp_tabular_ln"", ""input_dim"": 10, ""hidden_dim"": 64, ""dropout"": 0.1}, {""name"": ""hungarian"", ""encoder"": ""mlp_tabular_ln"", ""input_dim"": 8, ""hidden_dim"": 64, ""dropout"": 0.1}, {""name"": ""switzerland"", ""encoder"": ""mlp_tabular_ln"", ""input_dim"": 8, ""hidden_dim"": 64, ""dropout"": 0.1}, {""name"": ""va_long_beach"", ""encoder"": ""mlp_tabular_ln"", ""input_dim"": 9, ""hidden_dim"": 64, ""dropout"": 0.1}], ""anchor_eps"": 0.0001, ""sep_samples_per_class"": 4, ""sep_method"": ""classifier"", ""sep_margin"": 1.0, ""lambda_fit"": 0.001, ""lambda_sep"": 0.001, ""groupdro_enabled"": true, ""groupdro_eta"": 1.0, ""groupdro_gamma"": 0.9, ""groupdro_update_mode"": ""softmax"", ""groupdro_objective"": ""weighted"", ""groupdro_kl_lambda"": 0.0, ""groupdro_uniform_init"": true, ""log_interval"": 20, ""save_every"": 10, ""impute_missing"": true, ""common_encoder"": false, ""use_regret"": false, ""data_split_seed"": 1001}","{""num_groups"": 4, ""num_classes"": 2, ""train_total"": 522, ""test_total"": 185, ""train_group_counts"": [242, 235, 20, 25], ""test_group_counts"": [61, 59, 25, 40], ""train_class_counts"": [287, 235], ""test_class_counts"": [83, 102], ""train_group_class_counts"": [[131, 111], [150, 85], [1, 19], [5, 20]], ""test_group_class_counts"": [[33, 28], [38, 21], [2, 23], [10, 30]], ""group_proportions"": [0.46360153256704983, 0.4501915708812261, 0.038314176245210725, 0.04789272030651341]}","{""num_groups"": 4, ""eta"": 1.0, ""update_mode"": ""softmax"", ""robust_objective"": ""weighted"", ""gamma"": 0.9, ""kl_lambda"": 0.0, ""initial_pi"": [0.4636015295982361, 0.45019155740737915, 0.038314174860715866, 0.04789271950721741]}",2026-09-15T18:55:18.271698,17,0.25448055379092693,0.853515625,0.001,0.7945945945945946,0.8075382050569603,0.7704918032786885,0.88,"[0.7704918032786885, 0.7796610169491526, 0.88, 0.8]","[0.5146371794742395, 0.6710719931397146, 0.643697751929285, 0.8429749021372117]","[0.7108433734939759, 0.8627450980392157]","[[0.7575757575757576, 0.7857142857142857], [0.8157894736842105, 0.7142857142857143], [0.0, 0.9565217391304348], [0.3, 0.9666666666666667]]","[61, 59, 25, 40]",0.7894200814761563,"[0.7699353448275861, 0.7621705426356589, 0.4680851063829787, 0.6536796536796536]",0.4680851063829787,0.8429749021372117,"[0.2589109241962433, 0.2877224087715149, 0.204664409160614, 0.2487022876739502]","[0.3433838654309511, 0.37843477353453636, 0.07014428581533139, 0.08077170624164864]","[0.27963303215801716, 0.2896768059581518, 0.21526647917926311, 0.2154236864298582]","[0.4636015295982361, 0.45019155740737915, 0.038314174860715866, 0.04789271950721741]",0.0
"{""run_name"": ""fedheart_exp_paper_hetagg_gdro"", ""seed"": 42, ""run_dir"": ""runs/eta/fedheart_cur_GroupDRO_s42_f1"", ""use_fedheart"": true, ""num_classes"": 2, ""stratified_batching"": true, ""train_frac"": 0.8, ""group_max_train_samples"": [null, null, 20, 25], ""true_hetero_input_dim"": true, ""feature_mask"": [[0, 1, 2, 3, 5, 6, 7, 8, 9, 10], [0, 1, 2, 3, 5, 6, 11, 12], [0, 1, 2, 4, 5, 7, 11, 12], [0, 1, 2, 4, 5, 6, 8, 9, 10]], ""batch_size"": 64, ""num_workers"": 0, ""epochs"": 100, ""early_stopping_patience"": 30, ""lr"": 0.001, ""weight_decay"": 0.0001, ""optimizer"": ""adam"", ""grad_clip"": 1.0, ""lr_scheduler"": ""cosine"", ""lr_min"": 1e-05, ""latent_dim"": 64, ""head_hidden"": 32, ""groups"": [{""name"": ""cleveland"", ""encoder"": ""mlp_tabular_ln"", ""input_dim"": 10, ""hidden_dim"": 64, ""dropout"": 0.1}, {""name"": ""hungarian"", ""encoder"": ""mlp_tabular_ln"", ""input_dim"": 8, ""hidden_dim"": 64, ""dropout"": 0.1}, {""name"": ""switzerland"", ""encoder"": ""mlp_tabular_ln"", ""input_dim"": 8, ""hidden_dim"": 64, ""dropout"": 0.1}, {""name"": ""va_long_beach"", ""encoder"": ""mlp_tabular_ln"", ""input_dim"": 9, ""hidden_dim"": 64, ""dropout"": 0.1}], ""anchor_eps"": 0.0001, ""sep_samples_per_class"": 4, ""sep_method"": ""classifier"", ""sep_margin"": 1.0, ""lambda_fit"": 0.001, ""lambda_sep"": 0.001, ""groupdro_enabled"": true, ""groupdro_eta"": 1.0, ""groupdro_gamma"": 0.9, ""groupdro_update_mode"": ""softmax"", ""groupdro_objective"": ""weighted"", ""groupdro_kl_lambda"": 0.0, ""groupdro_uniform_init"": true, ""log_interval"": 20, ""save_every"": 10, ""impute_missing"": true, ""common_encoder"": false, ""use_regret"": false, ""data_split_seed"": 1001}","{""num_groups"": 4, ""num_classes"": 2, ""train_total"": 522, ""test_total"": 185, ""train_group_counts"": [242, 235, 20, 25], ""test_group_counts"": [61, 59, 25, 40], ""train_class_counts"": [287, 235], ""test_class_counts"": [83, 102], ""train_group_class_counts"": [[131, 111], [150, 85], [1, 19], [5, 20]], ""test_group_class_counts"": [[33, 28], [38, 21], [2, 23], [10, 30]], ""group_proportions"": [0.46360153256704983, 0.4501915708812261, 0.038314176245210725, 0.04789272030651341]}","{""num_groups"": 4, ""eta"": 1.0, ""update_mode"": ""softmax"", ""robust_objective"": ""weighted"", ""gamma"": 0.9, ""kl_lambda"": 0.0, ""initial_pi"": [0.4636015295982361, 0.45019155740737915, 0.038314174860715866, 0.04789271950721741]}",2026-09-15T18:55:18.271698,18,0.2424388937652111,0.85546875,0.001,0.8054054054054054,0.8158738538482913,0.7868852459016393,0.88,"[0.7868852459016393, 0.7966101694915254, 0.88, 0.8]","[0.5251675504641454, 0.6910000309284966, 0.6653978753334377, 0.9727895282863755]","[0.7228915662650602, 0.8725490196078431]","[[0.7575757575757576, 0.8214285714285714], [0.8421052631578947, 0.7142857142857143], [0.0, 0.9565217391304348], [0.3, 0.9666666666666667]]","[61, 59, 25, 40]",0.8005032350826744,"[0.7866559052999732, 0.7781954887218046, 0.4680851063829787, 0.6536796536796536]",0.4680851063829787,0.9727895282863755,"[0.2926512062549591, 0.31518760323524475, 0.18774501979351044, 0.2044161558151245]","[0.3505000490695238, 0.3578677289187908, 0.03778927601524629, 0.06823652973980643]","[0.285691536962986, 0.28862279281020164, 0.20973772928118706, 0.2159479446709156]","[0.4636015295982361, 0.45019155740737915, 0.038314174860715866, 0.04789271950721741]",0.0
"{""run_name"": ""fedheart_exp_paper_hetagg_gdro"", ""seed"": 42, ""run_dir"": ""runs/eta/fedheart_cur_GroupDRO_s42_f1"", ""use_fedheart"": true, ""num_classes"": 2, ""stratified_batching"": true, ""train_frac"": 0.8, ""group_max_train_samples"": [null, null, 20, 25], ""true_hetero_input_dim"": true, ""feature_mask"": [[0, 1, 2, 3, 5, 6, 7, 8, 9, 10], [0, 1, 2, 3, 5, 6, 11, 12], [0, 1, 2, 4, 5, 7, 11, 12], [0, 1, 2, 4, 5, 6, 8, 9, 10]], ""batch_size"": 64, ""num_workers"": 0, ""epochs"": 100, ""early_stopping_patience"": 30, ""lr"": 0.001, ""weight_decay"": 0.0001, ""optimizer"": ""adam"", ""grad_clip"": 1.0, ""lr_scheduler"": ""cosine"", ""lr_min"": 1e-05, ""latent_dim"": 64, ""head_hidden"": 32, ""groups"": [{""name"": ""cleveland"", ""encoder"": ""mlp_tabular_ln"", ""input_dim"": 10, ""hidden_dim"": 64, ""dropout"": 0.1}, {""name"": ""hungarian"", ""encoder"": ""mlp_tabular_ln"", ""input_dim"": 8, ""hidden_dim"": 64, ""dropout"": 0.1}, {""name"": ""switzerland"", ""encoder"": ""mlp_tabular_ln"", ""input_dim"": 8, ""hidden_dim"": 64, ""dropout"": 0.1}, {""name"": ""va_long_beach"", ""encoder"": ""mlp_tabular_ln"", ""input_dim"": 9, ""hidden_dim"": 64, ""dropout"": 0.1}], ""anchor_eps"": 0.0001, ""sep_samples_per_class"": 4, ""sep_method"": ""classifier"", ""sep_margin"": 1.0, ""lambda_fit"": 0.001, ""lambda_sep"": 0.001, ""groupdro_enabled"": true, ""groupdro_eta"": 1.0, ""groupdro_gamma"": 0.9, ""groupdro_update_mode"": ""softmax"", ""groupdro_objective"": ""weighted"", ""groupdro_kl_lambda"": 0.0, ""groupdro_uniform_init"": true, ""log_interval"": 20, ""save_every"": 10, ""impute_missing"": true, ""common_encoder"": false, ""use_regret"": false, ""data_split_seed"": 1001}","{""num_groups"": 4, ""num_classes"": 2, ""train_total"": 522, ""test_total"": 185, ""train_group_counts"": [242, 235, 20, 25], ""test_group_counts"": [61, 59, 25, 40], ""train_class_counts"": [287, 235], ""test_class_counts"": [83, 102], ""train_group_class_counts"": [[131, 111], [150, 85], [1, 19], [5, 20]], ""test_group_class_counts"": [[33, 28], [38, 21], [2, 23], [10, 30]], ""group_proportions"": [0.46360153256704983, 0.4501915708812261, 0.038314176245210725, 0.04789272030651341]}","{""num_groups"": 4, ""eta"": 1.0, ""update_mode"": ""softmax"", ""robust_objective"": ""weighted"", ""gamma"": 0.9, ""kl_lambda"": 0.0, ""initial_pi"": [0.4636015295982361, 0.45019155740737915, 0.038314174860715866, 0.04789271950721741]}",2026-09-15T18:55:18.271698,19,0.25158085860311985,0.84765625,0.001,0.8,0.811636565712698,0.7796610169491526,0.88,"[0.7868852459016393, 0.7796610169491526, 0.88, 0.8]","[0.5386804283489702, 0.6723436093336698, 0.678398486104561, 1.0423268302412907]","[0.7228915662650602, 0.8627450980392157]","[[0.7575757575757576, 0.8214285714285714], [0.8421052631578947, 0.6666666666666666], [0.0, 0.9565217391304348], [0.3, 0.9666666666666667]]","[61, 59, 25, 40]",0.7953111450016447,"[0.7866559052999732, 0.7570478302185619, 0.4680851063829787, 0.6536796536796536]",0.4680851063829787,1.0423268302412907,"[0.25873762369155884, 0.26828089356422424, 0.18926584720611572, 0.2837156653404236]","[0.3392520733177662, 0.3972888458520174, 0.016164691587619018, 0.07587697354756529]","[0.28096504509449005, 0.2982989251613617, 0.20334834046661854, 0.2173877190798521]","[0.4636015295982361, 0.45019155740737915, 0.038314174860715866, 0.04789271950721741]",0.0
"{""run_name"": ""fedheart_exp_paper_hetagg_gdro"", ""seed"": 42, ""run_dir"": ""runs/eta/fedheart_cur_GroupDRO_s42_f1"", ""use_fedheart"": true, ""num_classes"": 2, ""stratified_batching"": true, ""train_frac"": 0.8, ""group_max_train_samples"": [null, null, 20, 25], ""true_hetero_input_dim"": true, ""feature_mask"": [[0, 1, 2, 3, 5, 6, 7, 8, 9, 10], [0, 1, 2, 3, 5, 6, 11, 12], [0, 1, 2, 4, 5, 7, 11, 12], [0, 1, 2, 4, 5, 6, 8, 9, 10]], ""batch_size"": 64, ""num_workers"": 0, ""epochs"": 100, ""early_stopping_patience"": 30, ""lr"": 0.001, ""weight_decay"": 0.0001, ""optimizer"": ""adam"", ""grad_clip"": 1.0, ""lr_scheduler"": ""cosine"", ""lr_min"": 1e-05, ""latent_dim"": 64, ""head_hidden"": 32, ""groups"": [{""name"": ""cleveland"", ""encoder"": ""mlp_tabular_ln"", ""input_dim"": 10, ""hidden_dim"": 64, ""dropout"": 0.1}, {""name"": ""hungarian"", ""encoder"": ""mlp_tabular_ln"", ""input_dim"": 8, ""hidden_dim"": 64, ""dropout"": 0.1}, {""name"": ""switzerland"", ""encoder"": ""mlp_tabular_ln"", ""input_dim"": 8, ""hidden_dim"": 64, ""dropout"": 0.1}, {""name"": ""va_long_beach"", ""encoder"": ""mlp_tabular_ln"", ""input_dim"": 9, ""hidden_dim"": 64, ""dropout"": 0.1}], ""anchor_eps"": 0.0001, ""sep_samples_per_class"": 4, ""sep_method"": ""classifier"", ""sep_margin"": 1.0, ""lambda_fit"": 0.001, ""lambda_sep"": 0.001, ""groupdro_enabled"": true, ""groupdro_eta"": 1.0, ""groupdro_gamma"": 0.9, ""groupdro_update_mode"": ""softmax"", ""groupdro_objective"": ""weighted"", ""groupdro_kl_lambda"": 0.0, ""groupdro_uniform_init"": true, ""log_interval"": 20, ""save_every"": 10, ""impute_missing"": true, ""common_encoder"": false, ""use_regret"": false, ""data_split_seed"": 1001}","{""num_groups"": 4, ""num_classes"": 2, ""train_total"": 522, ""test_total"": 185, ""train_group_counts"": [242, 235, 20, 25], ""test_group_counts"": [61, 59, 25, 40], ""train_class_counts"": [287, 235], ""test_class_counts"": [83, 102], ""train_group_class_counts"": [[131, 111], [150, 85], [1, 19], [5, 20]], ""test_group_class_counts"": [[33, 28], [38, 21], [2, 23], [10, 30]], ""group_proportions"": [0.46360153256704983, 0.4501915708812261, 0.038314176245210725, 0.04789272030651341]}","{""num_groups"": 4, ""eta"": 1.0, ""update_mode"": ""softmax"", ""robust_objective"": ""weighted"", ""gamma"": 0.9, ""kl_lambda"": 0.0, ""initial_pi"": [0.4636015295982361, 0.45019155740737915, 0.038314174860715866, 0.04789271950721741]}",2026-09-15T18:55:18.271698,20,0.24158230796456337,0.861328125,0.001,0.8054054054054054,0.8158738538482913,0.7868852459016393,0.88,"[0.7868852459016393, 0.7966101694915254, 0.88, 0.8]","[0.5417936510849194, 0.6889886579050098, 0.6923562831035815, 0.9737714476326801]","[0.7228915662650602, 0.8725490196078431]","[[0.7575757575757576, 0.8214285714285714], [0.8421052631578947, 0.7142857142857143], [0.0, 0.9565217391304348], [0.3, 0.9666666666666667]]","[61, 59, 25, 40]",0.8005032350826744,"[0.7866559052999732, 0.7781954887218046, 0.4680851063829787, 0.6536796536796536]",0.4680851063829787,0.9737714476326801,"[0.31302788853645325, 0.2881491482257843, 0.1995438039302826, 0.19927914440631866]","[0.33106600120663643, 0.37914326041936874, 0.016203149154534913, 0.08951158331183251]","[0.2805047817528248, 0.29364823922514915, 0.2043540719896555, 0.22149289585649967]","[0.4636015295982361, 0.45019155740737915, 0.038314174860715866, 0.04789271950721741]",0.0
"{""run_name"": ""fedheart_exp_paper_hetagg_gdro"", ""seed"": 42, ""run_dir"": ""runs/eta/fedheart_cur_GroupDRO_s42_f1"", ""use_fedheart"": true, ""num_classes"": 2, ""stratified_batching"": true, ""train_frac"": 0.8, ""group_max_train_samples"": [null, null, 20, 25], ""true_hetero_input_dim"": true, ""feature_mask"": [[0, 1, 2, 3, 5, 6, 7, 8, 9, 10], [0, 1, 2, 3, 5, 6, 11, 12], [0, 1, 2, 4, 5, 7, 11, 12], [0, 1, 2, 4, 5, 6, 8, 9, 10]], ""batch_size"": 64, ""num_workers"": 0, ""epochs"": 100, ""early_stopping_patience"": 30, ""lr"": 0.001, ""weight_decay"": 0.0001, ""optimizer"": ""adam"", ""grad_clip"": 1.0, ""lr_scheduler"": ""cosine"", ""lr_min"": 1e-05, ""latent_dim"": 64, ""head_hidden"": 32, ""groups"": [{""name"": ""cleveland"", ""encoder"": ""mlp_tabular_ln"", ""input_dim"": 10, ""hidden_dim"": 64, ""dropout"": 0.1}, {""name"": ""hungarian"", ""encoder"": ""mlp_tabular_ln"", ""input_dim"": 8, ""hidden_dim"": 64, ""dropout"": 0.1}, {""name"": ""switzerland"", ""encoder"": ""mlp_tabular_ln"", ""input_dim"": 8, ""hidden_dim"": 64, ""dropout"": 0.1}, {""name"": ""va_long_beach"", ""encoder"": ""mlp_tabular_ln"", ""input_dim"": 9, ""hidden_dim"": 64, ""dropout"": 0.1}], ""anchor_eps"": 0.0001, ""sep_samples_per_class"": 4, ""sep_method"": ""classifier"", ""sep_margin"": 1.0, ""lambda_fit"": 0.001, ""lambda_sep"": 0.001, ""groupdro_enabled"": true, ""groupdro_eta"": 1.0, ""groupdro_gamma"": 0.9, ""groupdro_update_mode"": ""softmax"", ""groupdro_objective"": ""weighted"", ""groupdro_kl_lambda"": 0.0, ""groupdro_uniform_init"": true, ""log_interval"": 20, ""save_every"": 10, ""impute_missing"": true, ""common_encoder"": false, ""use_regret"": false, ""data_split_seed"": 1001}","{""num_groups"": 4, ""num_classes"": 2, ""train_total"": 522, ""test_total"": 185, ""train_group_counts"": [242, 235, 20, 25], ""test_group_counts"": [61, 59, 25, 40], ""train_class_counts"": [287, 235], ""test_class_counts"": [83, 102], ""train_group_class_counts"": [[131, 111], [150, 85], [1, 19], [5, 20]], ""test_group_class_counts"": [[33, 28], [38, 21], [2, 23], [10, 30]], ""group_proportions"": [0.46360153256704983, 0.4501915708812261, 0.038314176245210725, 0.04789272030651341]}","{""num_groups"": 4, ""eta"": 1.0, ""update_mode"": ""softmax"", ""robust_objective"": ""weighted"", ""gamma"": 0.9, ""kl_lambda"": 0.0, ""initial_pi"": [0.4636015295982361, 0.45019155740737915, 0.038314174860715866, 0.04789271950721741]}",2026-09-15T18:55:18.271698,21,0.24094786308705807,0.859375,0.001,0.7945945945945946,0.8075382050569603,0.7704918032786885,0.88,"[0.7704918032786885, 0.7796610169491526, 0.88, 0.8]","[0.5400324895382538, 0.6956107072469037, 0.7185825647442834, 1.0409042946321279]","[0.7228915662650602, 0.8529411764705882]","[[0.7575757575757576, 0.7857142857142857], [0.8421052631578947, 0.6666666666666666], [0.0, 0.9565217391304348], [0.3, 0.9666666666666667]]","[61, 59, 25, 40]",0.790124193933604,"[0.7699353448275861, 0.7570478302185619, 0.4680851063829787, 0.6536796536796536]",0.4680851063829787,1.0409042946321279,"[0.3026764988899231, 0.2844580411911011, 0.20508889853954315, 0.20777662098407745]","[0.3633631691336632, 0.3702326603233814, 0.014154390453768428, 0.041752903343876824]","[0.2910787798464298, 0.2928902879357338, 0.20518016628921032, 0.2108507603406906]","[0.4636015295982361, 0.45019155740737915, 0.038314174860715866, 0.04789271950721741]",0.0
"{""run_name"": ""fedheart_exp_paper_hetagg_gdro"", ""seed"": 42, ""run_dir"": ""runs/eta/fedheart_cur_GroupDRO_s42_f1"", ""use_fedheart"": true, ""num_classes"": 2, ""stratified_batching"": true, ""train_frac"": 0.8, ""group_max_train_samples"": [null, null, 20, 25], ""true_hetero_input_dim"": true, ""feature_mask"": [[0, 1, 2, 3, 5, 6, 7, 8, 9, 10], [0, 1, 2, 3, 5, 6, 11, 12], [0, 1, 2, 4, 5, 7, 11, 12], [0, 1, 2, 4, 5, 6, 8, 9, 10]], ""batch_size"": 64, ""num_workers"": 0, ""epochs"": 100, ""early_stopping_patience"": 30, ""lr"": 0.001, ""weight_decay"": 0.0001, ""optimizer"": ""adam"", ""grad_clip"": 1.0, ""lr_scheduler"": ""cosine"", ""lr_min"": 1e-05, ""latent_dim"": 64, ""head_hidden"": 32, ""groups"": [{""name"": ""cleveland"", ""encoder"": ""mlp_tabular_ln"", ""input_dim"": 10, ""hidden_dim"": 64, ""dropout"": 0.1}, {""name"": ""hungarian"", ""encoder"": ""mlp_tabular_ln"", ""input_dim"": 8, ""hidden_dim"": 64, ""dropout"": 0.1}, {""name"": ""switzerland"", ""encoder"": ""mlp_tabular_ln"", ""input_dim"": 8, ""hidden_dim"": 64, ""dropout"": 0.1}, {""name"": ""va_long_beach"", ""encoder"": ""mlp_tabular_ln"", ""input_dim"": 9, ""hidden_dim"": 64, ""dropout"": 0.1}], ""anchor_eps"": 0.0001, ""sep_samples_per_class"": 4, ""sep_method"": ""classifier"", ""sep_margin"": 1.0, ""lambda_fit"": 0.001, ""lambda_sep"": 0.001, ""groupdro_enabled"": true, ""groupdro_eta"": 1.0, ""groupdro_gamma"": 0.9, ""groupdro_update_mode"": ""softmax"", ""groupdro_objective"": ""weighted"", ""groupdro_kl_lambda"": 0.0, ""groupdro_uniform_init"": true, ""log_interval"": 20, ""save_every"": 10, ""impute_missing"": true, ""common_encoder"": false, ""use_regret"": false, ""data_split_seed"": 1001}","{""num_groups"": 4, ""num_classes"": 2, ""train_total"": 522, ""test_total"": 185, ""train_group_counts"": [242, 235, 20, 25], ""test_group_counts"": [61, 59, 25, 40], ""train_class_counts"": [287, 235], ""test_class_counts"": [83, 102], ""train_group_class_counts"": [[131, 111], [150, 85], [1, 19], [5, 20]], ""test_group_class_counts"": [[33, 28], [38, 21], [2, 23], [10, 30]], ""group_proportions"": [0.46360153256704983, 0.4501915708812261, 0.038314176245210725, 0.04789272030651341]}","{""num_groups"": 4, ""eta"": 1.0, ""update_mode"": ""softmax"", ""robust_objective"": ""weighted"", ""gamma"": 0.9, ""kl_lambda"": 0.0, ""initial_pi"": [0.4636015295982361, 0.45019155740737915, 0.038314174860715866, 0.04789271950721741]}",2026-09-15T18:55:18.271698,22,0.2216897625476122,0.857421875,0.001,0.7945945945945946,0.8055254931925535,0.7704918032786885,0.88,"[0.7704918032786885, 0.7966101694915254, 0.88, 0.775]","[0.5400219921587555, 0.703626444681658, 0.7464106299082051, 1.1455711075386716]","[0.6987951807228916, 0.8725490196078431]","[[0.7272727272727273, 0.8214285714285714], [0.8421052631578947, 0.7142857142857143], [0.0, 0.9565217391304348], [0.2, 0.9666666666666667]]","[61, 59, 25, 40]",0.7886604136604136,"[0.7704301075268817, 0.7781954887218046, 0.4680851063829787, 0.5866819747416762]",0.4680851063829787,1.1455711075386716,"[0.272331178188324, 0.2832467257976532, 0.22832851111888885, 0.21609358489513397]","[0.32060882821679115, 0.33585196919739246, 0.017580735024239402, 0.0625804424053058]","[0.28377785347402096, 0.28761106356978416, 0.20938114821910858, 0.21922993287444115]","[0.4636015295982361, 0.45019155740737915, 0.038314174860715866, 0.04789271950721741]",0.0
"{""run_name"": ""fedheart_exp_paper_hetagg_gdro"", ""seed"": 42, ""run_dir"": ""runs/eta/fedheart_cur_GroupDRO_s42_f1"", ""use_fedheart"": true, ""num_classes"": 2, ""stratified_batching"": true, ""train_frac"": 0.8, ""group_max_train_samples"": [null, null, 20, 25], ""true_hetero_input_dim"": true, ""feature_mask"": [[0, 1, 2, 3, 5, 6, 7, 8, 9, 10], [0, 1, 2, 3, 5, 6, 11, 12], [0, 1, 2, 4, 5, 7, 11, 12], [0, 1, 2, 4, 5, 6, 8, 9, 10]], ""batch_size"": 64, ""num_workers"": 0, ""epochs"": 100, ""early_stopping_patience"": 30, ""lr"": 0.001, ""weight_decay"": 0.0001, ""optimizer"": ""adam"", ""grad_clip"": 1.0, ""lr_scheduler"": ""cosine"", ""lr_min"": 1e-05, ""latent_dim"": 64, ""head_hidden"": 32, ""groups"": [{""name"": ""cleveland"", ""encoder"": ""mlp_tabular_ln"", ""input_dim"": 10, ""hidden_dim"": 64, ""dropout"": 0.1}, {""name"": ""hungarian"", ""encoder"": ""mlp_tabular_ln"", ""input_dim"": 8, ""hidden_dim"": 64, ""dropout"": 0.1}, {""name"": ""switzerland"", ""encoder"": ""mlp_tabular_ln"", ""input_dim"": 8, ""hidden_dim"": 64, ""dropout"": 0.1}, {""name"": ""va_long_beach"", ""encoder"": ""mlp_tabular_ln"", ""input_dim"": 9, ""hidden_dim"": 64, ""dropout"": 0.1}], ""anchor_eps"": 0.0001, ""sep_samples_per_class"": 4, ""sep_method"": ""classifier"", ""sep_margin"": 1.0, ""lambda_fit"": 0.001, ""lambda_sep"": 0.001, ""groupdro_enabled"": true, ""groupdro_eta"": 1.0, ""groupdro_gamma"": 0.9, ""groupdro_update_mode"": ""softmax"", ""groupdro_objective"": ""weighted"", ""groupdro_kl_lambda"": 0.0, ""groupdro_uniform_init"": true, ""log_interval"": 20, ""save_every"": 10, ""impute_missing"": true, ""common_encoder"": false, ""use_regret"": false, ""data_split_seed"": 1001}","{""num_groups"": 4, ""num_classes"": 2, ""train_total"": 522, ""test_total"": 185, ""train_group_counts"": [242, 235, 20, 25], ""test_group_counts"": [61, 59, 25, 40], ""train_class_counts"": [287, 235], ""test_class_counts"": [83, 102], ""train_group_class_counts"": [[131, 111], [150, 85], [1, 19], [5, 20]], ""test_group_class_counts"": [[33, 28], [38, 21], [2, 23], [10, 30]], ""group_proportions"": [0.46360153256704983, 0.4501915708812261, 0.038314176245210725, 0.04789272030651341]}","{""num_groups"": 4, ""eta"": 1.0, ""update_mode"": ""softmax"", ""robust_objective"": ""weighted"", ""gamma"": 0.9, ""kl_lambda"": 0.0, ""initial_pi"": [0.4636015295982361, 0.45019155740737915, 0.038314174860715866, 0.04789271950721741]}",2026-09-15T18:55:18.271698,23,0.22954834438860416,0.857421875,0.001,0.7891891891891892,0.799136565712698,0.75,0.88,"[0.7868852459016393, 0.7796610169491526, 0.88, 0.75]","[0.5416112868153475, 0.7076930499998695, 0.7712993890908547, 1.2370556016011505]","[0.6867469879518072, 0.8725490196078431]","[[0.7575757575757576, 0.8214285714285714], [0.8157894736842105, 0.7142857142857143], [0.0, 0.9565217391304348], [0.1, 0.9666666666666667]]","[61, 59, 25, 40]",0.7826872684557693,"[0.7866559052999732, 0.7621705426356589, 0.4680851063829787, 0.5098039215686275]",0.4680851063829787,1.2370556016011505,"[0.3273426294326782, 0.26054319739341736, 0.20554718375205994, 0.2065669745206833]","[0.33678882755339146, 0.350189371034503, 0.0009577845221429016, 0.08525202162854839]","[0.2857574298977852, 0.28854550421237946, 0.20327610336244106, 0.2224209662526846]","[0.4636015295982361, 0.45019155740737915, 0.038314174860715866, 0.04789271950721741]",0.0
"{""run_name"": ""fedheart_exp_paper_hetagg_gdro"", ""seed"": 42, ""run_dir"": ""runs/eta/fedheart_cur_GroupDRO_s42_f1"", ""use_fedheart"": true, ""num_classes"": 2, ""stratified_batching"": true, ""train_frac"": 0.8, ""group_max_train_samples"": [null, null, 20, 25], ""true_hetero_input_dim"": true, ""feature_mask"": [[0, 1, 2, 3, 5, 6, 7, 8, 9, 10], [0, 1, 2, 3, 5, 6, 11, 12], [0, 1, 2, 4, 5, 7, 11, 12], [0, 1, 2, 4, 5, 6, 8, 9, 10]], ""batch_size"": 64, ""num_workers"": 0, ""epochs"": 100, ""early_stopping_patience"": 30, ""lr"": 0.001, ""weight_decay"": 0.0001, ""optimizer"": ""adam"", ""grad_clip"": 1.0, ""lr_scheduler"": ""cosine"", ""lr_min"": 1e-05, ""latent_dim"": 64, ""head_hidden"": 32, ""groups"": [{""name"": ""cleveland"", ""encoder"": ""mlp_tabular_ln"", ""input_dim"": 10, ""hidden_dim"": 64, ""dropout"": 0.1}, {""name"": ""hungarian"", ""encoder"": ""mlp_tabular_ln"", ""input_dim"": 8, ""hidden_dim"": 64, ""dropout"": 0.1}, {""name"": ""switzerland"", ""encoder"": ""mlp_tabular_ln"", ""input_dim"": 8, ""hidden_dim"": 64, ""dropout"": 0.1}, {""name"": ""va_long_beach"", ""encoder"": ""mlp_tabular_ln"", ""input_dim"": 9, ""hidden_dim"": 64, ""dropout"": 0.1}], ""anchor_eps"": 0.0001, ""sep_samples_per_class"": 4, ""sep_method"": ""classifier"", ""sep_margin"": 1.0, ""lambda_fit"": 0.001, ""lambda_sep"": 0.001, ""groupdro_enabled"": true, ""groupdro_eta"": 1.0, ""groupdro_gamma"": 0.9, ""groupdro_update_mode"": ""softmax"", ""groupdro_objective"": ""weighted"", ""groupdro_kl_lambda"": 0.0, ""groupdro_uniform_init"": true, ""log_interval"": 20, ""save_every"": 10, ""impute_missing"": true, ""common_encoder"": false, ""use_regret"": false, ""data_split_seed"": 1001}","{""num_groups"": 4, ""num_classes"": 2, ""train_total"": 522, ""test_total"": 185, ""train_group_counts"": [242, 235, 20, 25], ""test_group_counts"": [61, 59, 25, 40], ""train_class_counts"": [287, 235], ""test_class_counts"": [83, 102], ""train_group_class_counts"": [[131, 111], [150, 85], [1, 19], [5, 20]], ""test_group_class_counts"": [[33, 28], [38, 21], [2, 23], [10, 30]], ""group_proportions"": [0.46360153256704983, 0.4501915708812261, 0.038314176245210725, 0.04789272030651341]}","{""num_groups"": 4, ""eta"": 1.0, ""update_mode"": ""softmax"", ""robust_objective"": ""weighted"", ""gamma"": 0.9, ""kl_lambda"": 0.0, ""initial_pi"": [0.4636015295982361, 0.45019155740737915, 0.038314174860715866, 0.04789271950721741]}",2026-09-15T18:55:18.271698,24,0.22316743806004524,0.8671875,0.001,0.7945945945945946,0.8055254931925535,0.7704918032786885,0.88,"[0.7704918032786885, 0.7966101694915254, 0.88, 0.775]","[0.5539465857379627, 0.6755669064725102, 0.7886275253776693, 1.177437008439938]","[0.7108433734939759, 0.8627450980392157]","[[0.7575757575757576, 0.7857142857142857], [0.8421052631578947, 0.7142857142857143], [0.0, 0.9565217391304348], [0.2, 0.9666666666666667]]","[61, 59, 25, 40]",0.7894200814761563,"[0.7699353448275861, 0.7781954887218046, 0.4680851063829787, 0.5866819747416762]",0.4680851063829787,1.177437008439938,"[0.30324357748031616, 0.26936274766921997, 0.21382807195186615, 0.21356558799743652]","[0.3077786825597286, 0.3637173306196928, 0.0051832972167176194, 0.06815112447475258]","[0.279102373868227, 0.29514212161302567, 0.20598230697214603, 0.2197731975466013]","[0.4636015295982361, 0.45019155740737915, 0.038314174860715866, 0.04789271950721741]",0.0
"{""run_name"": ""fedheart_exp_paper_hetagg_gdro"", ""seed"": 42, ""run_dir"": ""runs/eta/fedheart_cur_GroupDRO_s42_f1"", ""use_fedheart"": true, ""num_classes"": 2, ""stratified_batching"": true, ""train_frac"": 0.8, ""group_max_train_samples"": [null, null, 20, 25], ""true_hetero_input_dim"": true, ""feature_mask"": [[0, 1, 2, 3, 5, 6, 7, 8, 9, 10], [0, 1, 2, 3, 5, 6, 11, 12], [0, 1, 2, 4, 5, 7, 11, 12], [0, 1, 2, 4, 5, 6, 8, 9, 10]], ""batch_size"": 64, ""num_workers"": 0, ""epochs"": 100, ""early_stopping_patience"": 30, ""lr"": 0.001, ""weight_decay"": 0.0001, ""optimizer"": ""adam"", ""grad_clip"": 1.0, ""lr_scheduler"": ""cosine"", ""lr_min"": 1e-05, ""latent_dim"": 64, ""head_hidden"": 32, ""groups"": [{""name"": ""cleveland"", ""encoder"": ""mlp_tabular_ln"", ""input_dim"": 10, ""hidden_dim"": 64, ""dropout"": 0.1}, {""name"": ""hungarian"", ""encoder"": ""mlp_tabular_ln"", ""input_dim"": 8, ""hidden_dim"": 64, ""dropout"": 0.1}, {""name"": ""switzerland"", ""encoder"": ""mlp_tabular_ln"", ""input_dim"": 8, ""hidden_dim"": 64, ""dropout"": 0.1}, {""name"": ""va_long_beach"", ""encoder"": ""mlp_tabular_ln"", ""input_dim"": 9, ""hidden_dim"": 64, ""dropout"": 0.1}], ""anchor_eps"": 0.0001, ""sep_samples_per_class"": 4, ""sep_method"": ""classifier"", ""sep_margin"": 1.0, ""lambda_fit"": 0.001, ""lambda_sep"": 0.001, ""groupdro_enabled"": true, ""groupdro_eta"": 1.0, ""groupdro_gamma"": 0.9, ""groupdro_update_mode"": ""softmax"", ""groupdro_objective"": ""weighted"", ""groupdro_kl_lambda"": 0.0, ""groupdro_uniform_init"": true, ""log_interval"": 20, ""save_every"": 10, ""impute_missing"": true, ""common_encoder"": false, ""use_regret"": false, ""data_split_seed"": 1001}","{""num_groups"": 4, ""num_classes"": 2, ""train_total"": 522, ""test_total"": 185, ""train_group_counts"": [242, 235, 20, 25], ""test_group_counts"": [61, 59, 25, 40], ""train_class_counts"": [287, 235], ""test_class_counts"": [83, 102], ""train_group_class_counts"": [[131, 111], [150, 85], [1, 19], [5, 20]], ""test_group_class_counts"": [[33, 28], [38, 21], [2, 23], [10, 30]], ""group_proportions"": [0.46360153256704983, 0.4501915708812261, 0.038314176245210725, 0.04789272030651341]}","{""num_groups"": 4, ""eta"": 1.0, ""update_mode"": ""softmax"", ""robust_objective"": ""weighted"", ""gamma"": 0.9, ""kl_lambda"": 0.0, ""initial_pi"": [0.4636015295982361, 0.45019155740737915, 0.038314174860715866, 0.04789271950721741]}",2026-09-15T18:55:18.271698,25,0.2127606999129057,0.873046875,0.001,0.7891891891891892,0.8012882050569603,0.7704918032786885,0.88,"[0.7704918032786885, 0.7796610169491526, 0.88, 0.775]","[0.5588806543545034, 0.692898805048001, 0.8117857196688419, 1.151990013865543]","[0.6867469879518072, 0.8725490196078431]","[[0.7272727272727273, 0.8214285714285714], [0.8157894736842105, 0.7142857142857143], [0.0, 0.9565217391304348], [0.2, 0.9666666666666667]]","[61, 59, 25, 40]",0.7826872684557693,"[0.7704301075268817, 0.7621705426356589, 0.4680851063829787, 0.5866819747416762]",0.4680851063829787,1.151990013865543,"[0.302608847618103, 0.2675374746322632, 0.21370364725589752, 0.21615001559257507]","[0.2946360697969794, 0.3593576066195965, 0.007506793497213948, 0.03992566698798328]","[0.2785652242600918, 0.29698559641838074, 0.20880072750151157, 0.21564844623208046]","[0.4636015295982361, 0.45019155740737915, 0.038314174860715866, 0.04789271950721741]",0.0
"{""run_name"": ""fedheart_exp_paper_hetagg_gdro"", ""seed"": 42, ""run_dir"": ""runs/eta/fedheart_cur_GroupDRO_s42_f1"", ""use_fedheart"": true, ""num_classes"": 2, ""stratified_batching"": true, ""train_frac"": 0.8, ""group_max_train_samples"": [null, null, 20, 25], ""true_hetero_input_dim"": true, ""feature_mask"": [[0, 1, 2, 3, 5, 6, 7, 8, 9, 10], [0, 1, 2, 3, 5, 6, 11, 12], [0, 1, 2, 4, 5, 7, 11, 12], [0, 1, 2, 4, 5, 6, 8, 9, 10]], ""batch_size"": 64, ""num_workers"": 0, ""epochs"": 100, ""early_stopping_patience"": 30, ""lr"": 0.001, ""weight_decay"": 0.0001, ""optimizer"": ""adam"", ""grad_clip"": 1.0, ""lr_scheduler"": ""cosine"", ""lr_min"": 1e-05, ""latent_dim"": 64, ""head_hidden"": 32, ""groups"": [{""name"": ""cleveland"", ""encoder"": ""mlp_tabular_ln"", ""input_dim"": 10, ""hidden_dim"": 64, ""dropout"": 0.1}, {""name"": ""hungarian"", ""encoder"": ""mlp_tabular_ln"", ""input_dim"": 8, ""hidden_dim"": 64, ""dropout"": 0.1}, {""name"": ""switzerland"", ""encoder"": ""mlp_tabular_ln"", ""input_dim"": 8, ""hidden_dim"": 64, ""dropout"": 0.1}, {""name"": ""va_long_beach"", ""encoder"": ""mlp_tabular_ln"", ""input_dim"": 9, ""hidden_dim"": 64, ""dropout"": 0.1}], ""anchor_eps"": 0.0001, ""sep_samples_per_class"": 4, ""sep_method"": ""classifier"", ""sep_margin"": 1.0, ""lambda_fit"": 0.001, ""lambda_sep"": 0.001, ""groupdro_enabled"": true, ""groupdro_eta"": 1.0, ""groupdro_gamma"": 0.9, ""groupdro_update_mode"": ""softmax"", ""groupdro_objective"": ""weighted"", ""groupdro_kl_lambda"": 0.0, ""groupdro_uniform_init"": true, ""log_interval"": 20, ""save_every"": 10, ""impute_missing"": true, ""common_encoder"": false, ""use_regret"": false, ""data_split_seed"": 1001}","{""num_groups"": 4, ""num_classes"": 2, ""train_total"": 522, ""test_total"": 185, ""train_group_counts"": [242, 235, 20, 25], ""test_group_counts"": [61, 59, 25, 40], ""train_class_counts"": [287, 235], ""test_class_counts"": [83, 102], ""train_group_class_counts"": [[131, 111], [150, 85], [1, 19], [5, 20]], ""test_group_class_counts"": [[33, 28], [38, 21], [2, 23], [10, 30]], ""group_proportions"": [0.46360153256704983, 0.4501915708812261, 0.038314176245210725, 0.04789272030651341]}","{""num_groups"": 4, ""eta"": 1.0, ""update_mode"": ""softmax"", ""robust_objective"": ""weighted"", ""gamma"": 0.9, ""kl_lambda"": 0.0, ""initial_pi"": [0.4636015295982361, 0.45019155740737915, 0.038314174860715866, 0.04789271950721741]}",2026-09-15T18:55:18.271698,26,0.2118865754455328,0.865234375,0.001,0.7837837837837838,0.7971898444012225,0.7540983606557377,0.88,"[0.7540983606557377, 0.7796610169491526, 0.88, 0.775]","[0.5560180451072081, 0.6997223323747769, 0.8301691818819381, 1.1797662938956364]","[0.6987951807228916, 0.8529411764705882]","[[0.7575757575757576, 0.75], [0.8157894736842105, 0.7142857142857143], [0.0, 0.9565217391304348], [0.2, 0.9666666666666667]]","[61, 59, 25, 40]",0.7783369278696382,"[0.7530364372469636, 0.7621705426356589, 0.4680851063829787, 0.5866819747416762]",0.4680851063829787,1.1797662938956364,"[0.2769389748573303, 0.32333990931510925, 0.19980768859386444, 0.19991347193717957]","[0.31487785559147596, 0.35796602815389633, 0.0009412985909875715, 0.023607203191204462]","[0.28421518579125404, 0.29652268812060356, 0.2072866205126047, 0.21197552233934402]","[0.4636015295982361, 0.45019155740737915, 0.038314174860715866, 0.04789271950721741]",0.0
"{""run_name"": ""fedheart_exp_paper_hetagg_gdro"", ""seed"": 42, ""run_dir"": ""runs/eta/fedheart_cur_GroupDRO_s42_f1"", ""use_fedheart"": true, ""num_classes"": 2, ""stratified_batching"": true, ""train_frac"": 0.8, ""group_max_train_samples"": [null, null, 20, 25], ""true_hetero_input_dim"": true, ""feature_mask"": [[0, 1, 2, 3, 5, 6, 7, 8, 9, 10], [0, 1, 2, 3, 5, 6, 11, 12], [0, 1, 2, 4, 5, 7, 11, 12], [0, 1, 2, 4, 5, 6, 8, 9, 10]], ""batch_size"": 64, ""num_workers"": 0, ""epochs"": 100, ""early_stopping_patience"": 30, ""lr"": 0.001, ""weight_decay"": 0.0001, ""optimizer"": ""adam"", ""grad_clip"": 1.0, ""lr_scheduler"": ""cosine"", ""lr_min"": 1e-05, ""latent_dim"": 64, ""head_hidden"": 32, ""groups"": [{""name"": ""cleveland"", ""encoder"": ""mlp_tabular_ln"", ""input_dim"": 10, ""hidden_dim"": 64, ""dropout"": 0.1}, {""name"": ""hungarian"", ""encoder"": ""mlp_tabular_ln"", ""input_dim"": 8, ""hidden_dim"": 64, ""dropout"": 0.1}, {""name"": ""switzerland"", ""encoder"": ""mlp_tabular_ln"", ""input_dim"": 8, ""hidden_dim"": 64, ""dropout"": 0.1}, {""name"": ""va_long_beach"", ""encoder"": ""mlp_tabular_ln"", ""input_dim"": 9, ""hidden_dim"": 64, ""dropout"": 0.1}], ""anchor_eps"": 0.0001, ""sep_samples_per_class"": 4, ""sep_method"": ""classifier"", ""sep_margin"": 1.0, ""lambda_fit"": 0.001, ""lambda_sep"": 0.001, ""groupdro_enabled"": true, ""groupdro_eta"": 1.0, ""groupdro_gamma"": 0.9, ""groupdro_update_mode"": ""softmax"", ""groupdro_objective"": ""weighted"", ""groupdro_kl_lambda"": 0.0, ""groupdro_uniform_init"": true, ""log_interval"": 20, ""save_every"": 10, ""impute_missing"": true, ""common_encoder"": false, ""use_regret"": false, ""data_split_seed"": 1001}","{""num_groups"": 4, ""num_classes"": 2, ""train_total"": 522, ""test_total"": 185, ""train_group_counts"": [242, 235, 20, 25], ""test_group_counts"": [61, 59, 25, 40], ""train_class_counts"": [287, 235], ""test_class_counts"": [83, 102], ""train_group_class_counts"": [[131, 111], [150, 85], [1, 19], [5, 20]], ""test_group_class_counts"": [[33, 28], [38, 21], [2, 23], [10, 30]], ""group_proportions"": [0.46360153256704983, 0.4501915708812261, 0.038314176245210725, 0.04789272030651341]}","{""num_groups"": 4, ""eta"": 1.0, ""update_mode"": ""softmax"", ""robust_objective"": ""weighted"", ""gamma"": 0.9, ""kl_lambda"": 0.0, ""initial_pi"": [0.4636015295982361, 0.45019155740737915, 0.038314174860715866, 0.04789271950721741]}",2026-09-15T18:55:18.271698,27,0.22576679103076458,0.853515625,0.001,0.7783783783783784,0.7930914837454849,0.7377049180327869,0.88,"[0.7377049180327869, 0.7796610169491526, 0.88, 0.775]","[0.5563033524076225, 0.6987956242588491, 0.8436984133828083, 1.2381068298992433]","[0.6867469879518072, 0.8529411764705882]","[[0.7272727272727273, 0.75], [0.8157894736842105, 0.7142857142857143], [0.0, 0.9565217391304348], [0.2, 0.9666666666666667]]","[61, 59, 25, 40]",0.7723930982745686,"[0.7370689655172413, 0.7621705426356589, 0.4680851063829787, 0.5866819747416762]",0.4680851063829787,1.2381068298992433,"[0.25842031836509705, 0.31646373867988586, 0.21601775288581848, 0.20909816026687622]","[0.3269728235900402, 0.3655821029096842, 0.006601063001653529, 0.04047619456605389]","[0.2844330742955208, 0.29614220559597015, 0.20617256872355938, 0.21325215697288513]","[0.4636015295982361, 0.45019155740737915, 0.038314174860715866, 0.04789271950721741]",0.0
"{""run_name"": ""fedheart_exp_paper_hetagg_gdro"", ""seed"": 42, ""run_dir"": ""runs/eta/fedheart_cur_GroupDRO_s42_f1"", ""use_fedheart"": true, ""num_classes"": 2, ""stratified_batching"": true, ""train_frac"": 0.8, ""group_max_train_samples"": [null, null, 20, 25], ""true_hetero_input_dim"": true, ""feature_mask"": [[0, 1, 2, 3, 5, 6, 7, 8, 9, 10], [0, 1, 2, 3, 5, 6, 11, 12], [0, 1, 2, 4, 5, 7, 11, 12], [0, 1, 2, 4, 5, 6, 8, 9, 10]], ""batch_size"": 64, ""num_workers"": 0, ""epochs"": 100, ""early_stopping_patience"": 30, ""lr"": 0.001, ""weight_decay"": 0.0001, ""optimizer"": ""adam"", ""grad_clip"": 1.0, ""lr_scheduler"": ""cosine"", ""lr_min"": 1e-05, ""latent_dim"": 64, ""head_hidden"": 32, ""groups"": [{""name"": ""cleveland"", ""encoder"": ""mlp_tabular_ln"", ""input_dim"": 10, ""hidden_dim"": 64, ""dropout"": 0.1}, {""name"": ""hungarian"", ""encoder"": ""mlp_tabular_ln"", ""input_dim"": 8, ""hidden_dim"": 64, ""dropout"": 0.1}, {""name"": ""switzerland"", ""encoder"": ""mlp_tabular_ln"", ""input_dim"": 8, ""hidden_dim"": 64, ""dropout"": 0.1}, {""name"": ""va_long_beach"", ""encoder"": ""mlp_tabular_ln"", ""input_dim"": 9, ""hidden_dim"": 64, ""dropout"": 0.1}], ""anchor_eps"": 0.0001, ""sep_samples_per_class"": 4, ""sep_method"": ""classifier"", ""sep_margin"": 1.0, ""lambda_fit"": 0.001, ""lambda_sep"": 0.001, ""groupdro_enabled"": true, ""groupdro_eta"": 1.0, ""groupdro_gamma"": 0.9, ""groupdro_update_mode"": ""softmax"", ""groupdro_objective"": ""weighted"", ""groupdro_kl_lambda"": 0.0, ""groupdro_uniform_init"": true, ""log_interval"": 20, ""save_every"": 10, ""impute_missing"": true, ""common_encoder"": false, ""use_regret"": false, ""data_split_seed"": 1001}","{""num_groups"": 4, ""num_classes"": 2, ""train_total"": 522, ""test_total"": 185, ""train_group_counts"": [242, 235, 20, 25], ""test_group_counts"": [61, 59, 25, 40], ""train_class_counts"": [287, 235], ""test_class_counts"": [83, 102], ""train_group_class_counts"": [[131, 111], [150, 85], [1, 19], [5, 20]], ""test_group_class_counts"": [[33, 28], [38, 21], [2, 23], [10, 30]], ""group_proportions"": [0.46360153256704983, 0.4501915708812261, 0.038314176245210725, 0.04789272030651341]}","{""num_groups"": 4, ""eta"": 1.0, ""update_mode"": ""softmax"", ""robust_objective"": ""weighted"", ""gamma"": 0.9, ""kl_lambda"": 0.0, ""initial_pi"": [0.4636015295982361, 0.45019155740737915, 0.038314174860715866, 0.04789271950721741]}",2026-09-15T18:55:18.271698,28,0.19501649215817451,0.8671875,0.001,0.772972972972973,0.7889931230897471,0.7213114754098361,0.88,"[0.7213114754098361, 0.7796610169491526, 0.88, 0.775]","[0.5745277154015103, 0.7469324426236168, 0.8653106854789075, 1.2662362362598742]","[0.6867469879518072, 0.8431372549019608]","[[0.7272727272727273, 0.7142857142857143], [0.8157894736842105, 0.7142857142857143], [0.0, 0.9565217391304348], [0.2, 0.9666666666666667]]","[61, 59, 25, 40]",0.76725377426312,"[0.7201079622132254, 0.7621705426356589, 0.4680851063829787, 0.5866819747416762]",0.4680851063829787,1.2662362362598742,"[0.2851393222808838, 0.28933843970298767, 0.21135516464710236, 0.2141670435667038]","[0.2894469052553177, 0.32820701599121094, 0.004343966242231545, 0.01364266133896308]","[0.2817504294216633, 0.2928258217871189, 0.21173569560050964, 0.2136880476027727]","[0.4636015295982361, 0.45019155740737915, 0.038314174860715866, 0.04789271950721741]",0.0
"{""run_name"": ""fedheart_exp_paper_hetagg_gdro"", ""seed"": 42, ""run_dir"": ""runs/eta/fedheart_cur_GroupDRO_s42_f1"", ""use_fedheart"": true, ""num_classes"": 2, ""stratified_batching"": true, ""train_frac"": 0.8, ""group_max_train_samples"": [null, null, 20, 25], ""true_hetero_input_dim"": true, ""feature_mask"": [[0, 1, 2, 3, 5, 6, 7, 8, 9, 10], [0, 1, 2, 3, 5, 6, 11, 12], [0, 1, 2, 4, 5, 7, 11, 12], [0, 1, 2, 4, 5, 6, 8, 9, 10]], ""batch_size"": 64, ""num_workers"": 0, ""epochs"": 100, ""early_stopping_patience"": 30, ""lr"": 0.001, ""weight_decay"": 0.0001, ""optimizer"": ""adam"", ""grad_clip"": 1.0, ""lr_scheduler"": ""cosine"", ""lr_min"": 1e-05, ""latent_dim"": 64, ""head_hidden"": 32, ""groups"": [{""name"": ""cleveland"", ""encoder"": ""mlp_tabular_ln"", ""input_dim"": 10, ""hidden_dim"": 64, ""dropout"": 0.1}, {""name"": ""hungarian"", ""encoder"": ""mlp_tabular_ln"", ""input_dim"": 8, ""hidden_dim"": 64, ""dropout"": 0.1}, {""name"": ""switzerland"", ""encoder"": ""mlp_tabular_ln"", ""input_dim"": 8, ""hidden_dim"": 64, ""dropout"": 0.1}, {""name"": ""va_long_beach"", ""encoder"": ""mlp_tabular_ln"", ""input_dim"": 9, ""hidden_dim"": 64, ""dropout"": 0.1}], ""anchor_eps"": 0.0001, ""sep_samples_per_class"": 4, ""sep_method"": ""classifier"", ""sep_margin"": 1.0, ""lambda_fit"": 0.001, ""lambda_sep"": 0.001, ""groupdro_enabled"": true, ""groupdro_eta"": 1.0, ""groupdro_gamma"": 0.9, ""groupdro_update_mode"": ""softmax"", ""groupdro_objective"": ""weighted"", ""groupdro_kl_lambda"": 0.0, ""groupdro_uniform_init"": true, ""log_interval"": 20, ""save_every"": 10, ""impute_missing"": true, ""common_encoder"": false, ""use_regret"": false, ""data_split_seed"": 1001}","{""num_groups"": 4, ""num_classes"": 2, ""train_total"": 522, ""test_total"": 185, ""train_group_counts"": [242, 235, 20, 25], ""test_group_counts"": [61, 59, 25, 40], ""train_class_counts"": [287, 235], ""test_class_counts"": [83, 102], ""train_group_class_counts"": [[131, 111], [150, 85], [1, 19], [5, 20]], ""test_group_class_counts"": [[33, 28], [38, 21], [2, 23], [10, 30]], ""group_proportions"": [0.46360153256704983, 0.4501915708812261, 0.038314176245210725, 0.04789272030651341]}","{""num_groups"": 4, ""eta"": 1.0, ""update_mode"": ""softmax"", ""robust_objective"": ""weighted"", ""gamma"": 0.9, ""kl_lambda"": 0.0, ""initial_pi"": [0.4636015295982361, 0.45019155740737915, 0.038314174860715866, 0.04789271950721741]}",2026-09-15T18:55:18.271698,29,0.19368024170398712,0.87890625,0.001,0.7783783783783784,0.7929525562656293,0.7540983606557377,0.88,"[0.7540983606557377, 0.7627118644067796, 0.88, 0.775]","[0.5804768065200568, 0.772106724613646, 0.883117563171545, 1.2383463275559734]","[0.6867469879518072, 0.8529411764705882]","[[0.7575757575757576, 0.75], [0.7894736842105263, 0.7142857142857143], [0.0, 0.9565217391304348], [0.2, 0.9666666666666667]]","[61, 59, 25, 40]",0.7723930982745686,"[0.7530364372469636, 0.7463144963144963, 0.4680851063829787, 0.5866819747416762]",0.4680851063829787,1.2383463275559734,"[0.2603687345981598, 0.3152677118778229, 0.21204309165477753, 0.2123204618692398]","[0.29247095435857773, 0.3245360106229782, 0.0025080754257942317, 0.01617099086251983]","[0.28291012719273567, 0.2916993089020252, 0.21114908158779144, 0.2142414841800928]","[0.4636015295982361, 0.45019155740737915, 0.038314174860715866, 0.04789271950721741]",0.0
"{""run_name"": ""fedheart_exp_paper_hetagg_gdro"", ""seed"": 42, ""run_dir"": ""runs/eta/fedheart_cur_GroupDRO_s42_f1"", ""use_fedheart"": true, ""num_classes"": 2, ""stratified_batching"": true, ""train_frac"": 0.8, ""group_max_train_samples"": [null, null, 20, 25], ""true_hetero_input_dim"": true, ""feature_mask"": [[0, 1, 2, 3, 5, 6, 7, 8, 9, 10], [0, 1, 2, 3, 5, 6, 11, 12], [0, 1, 2, 4, 5, 7, 11, 12], [0, 1, 2, 4, 5, 6, 8, 9, 10]], ""batch_size"": 64, ""num_workers"": 0, ""epochs"": 100, ""early_stopping_patience"": 30, ""lr"": 0.001, ""weight_decay"": 0.0001, ""optimizer"": ""adam"", ""grad_clip"": 1.0, ""lr_scheduler"": ""cosine"", ""lr_min"": 1e-05, ""latent_dim"": 64, ""head_hidden"": 32, ""groups"": [{""name"": ""cleveland"", ""encoder"": ""mlp_tabular_ln"", ""input_dim"": 10, ""hidden_dim"": 64, ""dropout"": 0.1}, {""name"": ""hungarian"", ""encoder"": ""mlp_tabular_ln"", ""input_dim"": 8, ""hidden_dim"": 64, ""dropout"": 0.1}, {""name"": ""switzerland"", ""encoder"": ""mlp_tabular_ln"", ""input_dim"": 8, ""hidden_dim"": 64, ""dropout"": 0.1}, {""name"": ""va_long_beach"", ""encoder"": ""mlp_tabular_ln"", ""input_dim"": 9, ""hidden_dim"": 64, ""dropout"": 0.1}], ""anchor_eps"": 0.0001, ""sep_samples_per_class"": 4, ""sep_method"": ""classifier"", ""sep_margin"": 1.0, ""lambda_fit"": 0.001, ""lambda_sep"": 0.001, ""groupdro_enabled"": true, ""groupdro_eta"": 1.0, ""groupdro_gamma"": 0.9, ""groupdro_update_mode"": ""softmax"", ""groupdro_objective"": ""weighted"", ""groupdro_kl_lambda"": 0.0, ""groupdro_uniform_init"": true, ""log_interval"": 20, ""save_every"": 10, ""impute_missing"": true, ""common_encoder"": false, ""use_regret"": false, ""data_split_seed"": 1001}","{""num_groups"": 4, ""num_classes"": 2, ""train_total"": 522, ""test_total"": 185, ""train_group_counts"": [242, 235, 20, 25], ""test_group_counts"": [61, 59, 25, 40], ""train_class_counts"": [287, 235], ""test_class_counts"": [83, 102], ""train_group_class_counts"": [[131, 111], [150, 85], [1, 19], [5, 20]], ""test_group_class_counts"": [[33, 28], [38, 21], [2, 23], [10, 30]], ""group_proportions"": [0.46360153256704983, 0.4501915708812261, 0.038314176245210725, 0.04789272030651341]}","{""num_groups"": 4, ""eta"": 1.0, ""update_mode"": ""softmax"", ""robust_objective"": ""weighted"", ""gamma"": 0.9, ""kl_lambda"": 0.0, ""initial_pi"": [0.4636015295982361, 0.45019155740737915, 0.038314174860715866, 0.04789271950721741]}",2026-09-15T18:55:18.271698,30,0.19472146034240723,0.875,0.001,0.7891891891891892,0.8034398444012225,0.7540983606557377,0.88,"[0.7540983606557377, 0.7796610169491526, 0.88, 0.8]","[0.5819349976191602, 0.7793979971034263, 0.9023780752214953, 1.2172851030623406]","[0.7108433734939759, 0.8529411764705882]","[[0.7575757575757576, 0.75], [0.8157894736842105, 0.7142857142857143], [0.0, 0.9565217391304348], [0.3, 0.9666666666666667]]","[61, 59, 25, 40]",0.7842468825693011,"[0.7530364372469636, 0.7621705426356589, 0.4680851063829787, 0.6536796536796536]",0.4680851063829787,1.2172851030623406,"[0.2775295674800873, 0.29787907004356384, 0.21127597987651825, 0.21331536769866943]","[0.29322381503880024, 0.3312178961932659, 0.00487236957087589, 0.0059305415838935005]","[0.28275350108742714, 0.293635293841362, 0.2116981204599142, 0.2119130827486515]","[0.4636015295982361, 0.45019155740737915, 0.038314174860715866, 0.04789271950721741]",0.0
"{""run_name"": ""fedheart_exp_paper_hetagg_gdro"", ""seed"": 42, ""run_dir"": ""runs/eta/fedheart_cur_GroupDRO_s42_f1"", ""use_fedheart"": true, ""num_classes"": 2, ""stratified_batching"": true, ""train_frac"": 0.8, ""group_max_train_samples"": [null, null, 20, 25], ""true_hetero_input_dim"": true, ""feature_mask"": [[0, 1, 2, 3, 5, 6, 7, 8, 9, 10], [0, 1, 2, 3, 5, 6, 11, 12], [0, 1, 2, 4, 5, 7, 11, 12], [0, 1, 2, 4, 5, 6, 8, 9, 10]], ""batch_size"": 64, ""num_workers"": 0, ""epochs"": 100, ""early_stopping_patience"": 30, ""lr"": 0.001, ""weight_decay"": 0.0001, ""optimizer"": ""adam"", ""grad_clip"": 1.0, ""lr_scheduler"": ""cosine"", ""lr_min"": 1e-05, ""latent_dim"": 64, ""head_hidden"": 32, ""groups"": [{""name"": ""cleveland"", ""encoder"": ""mlp_tabular_ln"", ""input_dim"": 10, ""hidden_dim"": 64, ""dropout"": 0.1}, {""name"": ""hungarian"", ""encoder"": ""mlp_tabular_ln"", ""input_dim"": 8, ""hidden_dim"": 64, ""dropout"": 0.1}, {""name"": ""switzerland"", ""encoder"": ""mlp_tabular_ln"", ""input_dim"": 8, ""hidden_dim"": 64, ""dropout"": 0.1}, {""name"": ""va_long_beach"", ""encoder"": ""mlp_tabular_ln"", ""input_dim"": 9, ""hidden_dim"": 64, ""dropout"": 0.1}], ""anchor_eps"": 0.0001, ""sep_samples_per_class"": 4, ""sep_method"": ""classifier"", ""sep_margin"": 1.0, ""lambda_fit"": 0.001, ""lambda_sep"": 0.001, ""groupdro_enabled"": true, ""groupdro_eta"": 1.0, ""groupdro_gamma"": 0.9, ""groupdro_update_mode"": ""softmax"", ""groupdro_objective"": ""weighted"", ""groupdro_kl_lambda"": 0.0, ""groupdro_uniform_init"": true, ""log_interval"": 20, ""save_every"": 10, ""impute_missing"": true, ""common_encoder"": false, ""use_regret"": false, ""data_split_seed"": 1001}","{""num_groups"": 4, ""num_classes"": 2, ""train_total"": 522, ""test_total"": 185, ""train_group_counts"": [242, 235, 20, 25], ""test_group_counts"": [61, 59, 25, 40], ""train_class_counts"": [287, 235], ""test_class_counts"": [83, 102], ""train_group_class_counts"": [[131, 111], [150, 85], [1, 19], [5, 20]], ""test_group_class_counts"": [[33, 28], [38, 21], [2, 23], [10, 30]], ""group_proportions"": [0.46360153256704983, 0.4501915708812261, 0.038314176245210725, 0.04789272030651341]}","{""num_groups"": 4, ""eta"": 1.0, ""update_mode"": ""softmax"", ""robust_objective"": ""weighted"", ""gamma"": 0.9, ""kl_lambda"": 0.0, ""initial_pi"": [0.4636015295982361, 0.45019155740737915, 0.038314174860715866, 0.04789271950721741]}",2026-09-15T18:55:18.271698,31,0.19633064419031143,0.87109375,0.001,0.7783783783783784,0.7952431230897472,0.7213114754098361,0.88,"[0.7213114754098361, 0.7796610169491526, 0.88, 0.8]","[0.6125107306441231, 0.7875372287560791, 0.9249868810208863, 1.2191621514496092]","[0.6987951807228916, 0.8431372549019608]","[[0.7272727272727273, 0.7142857142857143], [0.8157894736842105, 0.7142857142857143], [0.0, 0.9565217391304348], [0.3, 0.9666666666666667]]","[61, 59, 25, 40]",0.7731826201369576,"[0.7201079622132254, 0.7621705426356589, 0.4680851063829787, 0.6536796536796536]",0.4680851063829787,1.2191621514496092,"[0.2642099857330322, 0.2842505872249603, 0.22352014482021332, 0.2280193269252777]","[0.2935560327023268, 0.3294311985373497, 0.009994745712901931, 0.005257378345049801]","[0.28274818137288094, 0.29278071597218513, 0.21272492595016956, 0.21174615621566772]","[0.4636015295982361, 0.45019155740737915, 0.038314174860715866, 0.04789271950721741]",0.0
"{""run_name"": ""fedheart_exp_paper_hetagg_gdro"", ""seed"": 42, ""run_dir"": ""runs/eta/fedheart_cur_GroupDRO_s42_f1"", ""use_fedheart"": true, ""num_classes"": 2, ""stratified_batching"": true, ""train_frac"": 0.8, ""group_max_train_samples"": [null, null, 20, 25], ""true_hetero_input_dim"": true, ""feature_mask"": [[0, 1, 2, 3, 5, 6, 7, 8, 9, 10], [0, 1, 2, 3, 5, 6, 11, 12], [0, 1, 2, 4, 5, 7, 11, 12], [0, 1, 2, 4, 5, 6, 8, 9, 10]], ""batch_size"": 64, ""num_workers"": 0, ""epochs"": 100, ""early_stopping_patience"": 30, ""lr"": 0.001, ""weight_decay"": 0.0001, ""optimizer"": ""adam"", ""grad_clip"": 1.0, ""lr_scheduler"": ""cosine"", ""lr_min"": 1e-05, ""latent_dim"": 64, ""head_hidden"": 32, ""groups"": [{""name"": ""cleveland"", ""encoder"": ""mlp_tabular_ln"", ""input_dim"": 10, ""hidden_dim"": 64, ""dropout"": 0.1}, {""name"": ""hungarian"", ""encoder"": ""mlp_tabular_ln"", ""input_dim"": 8, ""hidden_dim"": 64, ""dropout"": 0.1}, {""name"": ""switzerland"", ""encoder"": ""mlp_tabular_ln"", ""input_dim"": 8, ""hidden_dim"": 64, ""dropout"": 0.1}, {""name"": ""va_long_beach"", ""encoder"": ""mlp_tabular_ln"", ""input_dim"": 9, ""hidden_dim"": 64, ""dropout"": 0.1}], ""anchor_eps"": 0.0001, ""sep_samples_per_class"": 4, ""sep_method"": ""classifier"", ""sep_margin"": 1.0, ""lambda_fit"": 0.001, ""lambda_sep"": 0.001, ""groupdro_enabled"": true, ""groupdro_eta"": 1.0, ""groupdro_gamma"": 0.9, ""groupdro_update_mode"": ""softmax"", ""groupdro_objective"": ""weighted"", ""groupdro_kl_lambda"": 0.0, ""groupdro_uniform_init"": true, ""log_interval"": 20, ""save_every"": 10, ""impute_missing"": true, ""common_encoder"": false, ""use_regret"": false, ""data_split_seed"": 1001}","{""num_groups"": 4, ""num_classes"": 2, ""train_total"": 522, ""test_total"": 185, ""train_group_counts"": [242, 235, 20, 25], ""test_group_counts"": [61, 59, 25, 40], ""train_class_counts"": [287, 235], ""test_class_counts"": [83, 102], ""train_group_class_counts"": [[131, 111], [150, 85], [1, 19], [5, 20]], ""test_group_class_counts"": [[33, 28], [38, 21], [2, 23], [10, 30]], ""group_proportions"": [0.46360153256704983, 0.4501915708812261, 0.038314176245210725, 0.04789272030651341]}","{""num_groups"": 4, ""eta"": 1.0, ""update_mode"": ""softmax"", ""robust_objective"": ""weighted"", ""gamma"": 0.9, ""kl_lambda"": 0.0, ""initial_pi"": [0.4636015295982361, 0.45019155740737915, 0.038314174860715866, 0.04789271950721741]}",2026-09-15T18:55:18.271698,32,0.18543990049511194,0.8828125,0.001,0.7837837837837838,0.7993414837454849,0.7377049180327869,0.88,"[0.7377049180327869, 0.7796610169491526, 0.88, 0.8]","[0.6166745104548353, 0.7740195265643582, 0.9447151398334245, 1.2474606100224719]","[0.7108433734939759, 0.8431372549019608]","[[0.7575757575757576, 0.7142857142857143], [0.8157894736842105, 0.7142857142857143], [0.0, 0.9565217391304348], [0.3, 0.9666666666666667]]","[61, 59, 25, 40]",0.7790780988774779,"[0.7359307359307359, 0.7621705426356589, 0.4680851063829787, 0.6536796536796536]",0.4680851063829787,1.2474606100224719,"[0.31170210242271423, 0.2821583151817322, 0.20262537896633148, 0.2035142481327057]","[0.2825883198529482, 0.32281265407800674, 0.0021397029422587366, 0.006282059373916127]","[0.28160559199750423, 0.29310399666428566, 0.21220339462161064, 0.2130870372056961]","[0.4636015295982361, 0.45019155740737915, 0.038314174860715866, 0.04789271950721741]",0.0
"{""run_name"": ""fedheart_exp_paper_hetagg_gdro"", ""seed"": 42, ""run_dir"": ""runs/eta/fedheart_cur_GroupDRO_s42_f1"", ""use_fedheart"": true, ""num_classes"": 2, ""stratified_batching"": true, ""train_frac"": 0.8, ""group_max_train_samples"": [null, null, 20, 25], ""true_hetero_input_dim"": true, ""feature_mask"": [[0, 1, 2, 3, 5, 6, 7, 8, 9, 10], [0, 1, 2, 3, 5, 6, 11, 12], [0, 1, 2, 4, 5, 7, 11, 12], [0, 1, 2, 4, 5, 6, 8, 9, 10]], ""batch_size"": 64, ""num_workers"": 0, ""epochs"": 100, ""early_stopping_patience"": 30, ""lr"": 0.001, ""weight_decay"": 0.0001, ""optimizer"": ""adam"", ""grad_clip"": 1.0, ""lr_scheduler"": ""cosine"", ""lr_min"": 1e-05, ""latent_dim"": 64, ""head_hidden"": 32, ""groups"": [{""name"": ""cleveland"", ""encoder"": ""mlp_tabular_ln"", ""input_dim"": 10, ""hidden_dim"": 64, ""dropout"": 0.1}, {""name"": ""hungarian"", ""encoder"": ""mlp_tabular_ln"", ""input_dim"": 8, ""hidden_dim"": 64, ""dropout"": 0.1}, {""name"": ""switzerland"", ""encoder"": ""mlp_tabular_ln"", ""input_dim"": 8, ""hidden_dim"": 64, ""dropout"": 0.1}, {""name"": ""va_long_beach"", ""encoder"": ""mlp_tabular_ln"", ""input_dim"": 9, ""hidden_dim"": 64, ""dropout"": 0.1}], ""anchor_eps"": 0.0001, ""sep_samples_per_class"": 4, ""sep_method"": ""classifier"", ""sep_margin"": 1.0, ""lambda_fit"": 0.001, ""lambda_sep"": 0.001, ""groupdro_enabled"": true, ""groupdro_eta"": 1.0, ""groupdro_gamma"": 0.9, ""groupdro_update_mode"": ""softmax"", ""groupdro_objective"": ""weighted"", ""groupdro_kl_lambda"": 0.0, ""groupdro_uniform_init"": true, ""log_interval"": 20, ""save_every"": 10, ""impute_missing"": true, ""common_encoder"": false, ""use_regret"": false, ""data_split_seed"": 1001}","{""num_groups"": 4, ""num_classes"": 2, ""train_total"": 522, ""test_total"": 185, ""train_group_counts"": [242, 235, 20, 25], ""test_group_counts"": [61, 59, 25, 40], ""train_class_counts"": [287, 235], ""test_class_counts"": [83, 102], ""train_group_class_counts"": [[131, 111], [150, 85], [1, 19], [5, 20]], ""test_group_class_counts"": [[33, 28], [38, 21], [2, 23], [10, 30]], ""group_proportions"": [0.46360153256704983, 0.4501915708812261, 0.038314176245210725, 0.04789272030651341]}","{""num_groups"": 4, ""eta"": 1.0, ""update_mode"": ""softmax"", ""robust_objective"": ""weighted"", ""gamma"": 0.9, ""kl_lambda"": 0.0, ""initial_pi"": [0.4636015295982361, 0.45019155740737915, 0.038314174860715866, 0.04789271950721741]}",2026-09-15T18:55:18.271698,33,0.18511534854769707,0.865234375,0.001,0.7891891891891892,0.8034398444012225,0.7540983606557377,0.88,"[0.7540983606557377, 0.7796610169491526, 0.88, 0.8]","[0.6052605088029179, 0.786586970745949, 0.9587794151222624, 1.3059816699242675]","[0.7108433734939759, 0.8529411764705882]","[[0.7575757575757576, 0.75], [0.8157894736842105, 0.7142857142857143], [0.0, 0.9565217391304348], [0.3, 0.9666666666666667]]","[61, 59, 25, 40]",0.7842468825693011,"[0.7530364372469636, 0.7621705426356589, 0.4680851063829787, 0.6536796536796536]",0.4680851063829787,1.3059816699242675,"[0.3055252730846405, 0.27554014325141907, 0.20946046710014343, 0.20947416126728058]","[0.2829120624810457, 0.31240758672356606, 0.0004531576787485392, 0.008917881843444775]","[0.28219620138406754, 0.2907543480396271, 0.212630745023489, 0.21441871114075184]","[0.4636015295982361, 0.45019155740737915, 0.038314174860715866, 0.04789271950721741]",0.0
"{""run_name"": ""fedheart_exp_paper_hetagg_gdro"", ""seed"": 42, ""run_dir"": ""runs/eta/fedheart_cur_GroupDRO_s42_f1"", ""use_fedheart"": true, ""num_classes"": 2, ""stratified_batching"": true, ""train_frac"": 0.8, ""group_max_train_samples"": [null, null, 20, 25], ""true_hetero_input_dim"": true, ""feature_mask"": [[0, 1, 2, 3, 5, 6, 7, 8, 9, 10], [0, 1, 2, 3, 5, 6, 11, 12], [0, 1, 2, 4, 5, 7, 11, 12], [0, 1, 2, 4, 5, 6, 8, 9, 10]], ""batch_size"": 64, ""num_workers"": 0, ""epochs"": 100, ""early_stopping_patience"": 30, ""lr"": 0.001, ""weight_decay"": 0.0001, ""optimizer"": ""adam"", ""grad_clip"": 1.0, ""lr_scheduler"": ""cosine"", ""lr_min"": 1e-05, ""latent_dim"": 64, ""head_hidden"": 32, ""groups"": [{""name"": ""cleveland"", ""encoder"": ""mlp_tabular_ln"", ""input_dim"": 10, ""hidden_dim"": 64, ""dropout"": 0.1}, {""name"": ""hungarian"", ""encoder"": ""mlp_tabular_ln"", ""input_dim"": 8, ""hidden_dim"": 64, ""dropout"": 0.1}, {""name"": ""switzerland"", ""encoder"": ""mlp_tabular_ln"", ""input_dim"": 8, ""hidden_dim"": 64, ""dropout"": 0.1}, {""name"": ""va_long_beach"", ""encoder"": ""mlp_tabular_ln"", ""input_dim"": 9, ""hidden_dim"": 64, ""dropout"": 0.1}], ""anchor_eps"": 0.0001, ""sep_samples_per_class"": 4, ""sep_method"": ""classifier"", ""sep_margin"": 1.0, ""lambda_fit"": 0.001, ""lambda_sep"": 0.001, ""groupdro_enabled"": true, ""groupdro_eta"": 1.0, ""groupdro_gamma"": 0.9, ""groupdro_update_mode"": ""softmax"", ""groupdro_objective"": ""weighted"", ""groupdro_kl_lambda"": 0.0, ""groupdro_uniform_init"": true, ""log_interval"": 20, ""save_every"": 10, ""impute_missing"": true, ""common_encoder"": false, ""use_regret"": false, ""data_split_seed"": 1001}","{""num_groups"": 4, ""num_classes"": 2, ""train_total"": 522, ""test_total"": 185, ""train_group_counts"": [242, 235, 20, 25], ""test_group_counts"": [61, 59, 25, 40], ""train_class_counts"": [287, 235], ""test_class_counts"": [83, 102], ""train_group_class_counts"": [[131, 111], [150, 85], [1, 19], [5, 20]], ""test_group_class_counts"": [[33, 28], [38, 21], [2, 23], [10, 30]], ""group_proportions"": [0.46360153256704983, 0.4501915708812261, 0.038314176245210725, 0.04789272030651341]}","{""num_groups"": 4, ""eta"": 1.0, ""update_mode"": ""softmax"", ""robust_objective"": ""weighted"", ""gamma"": 0.9, ""kl_lambda"": 0.0, ""initial_pi"": [0.4636015295982361, 0.45019155740737915, 0.038314174860715866, 0.04789271950721741]}",2026-09-15T18:55:18.271698,34,0.18687618151307106,0.890625,0.001,0.772972972972973,0.7889931230897471,0.7213114754098361,0.88,"[0.7213114754098361, 0.7796610169491526, 0.88, 0.775]","[0.6025230119340732, 0.8436343196692672, 0.9689574872072262, 1.4229354628880173]","[0.6987951807228916, 0.8333333333333334]","[[0.7575757575757576, 0.6785714285714286], [0.8157894736842105, 0.7142857142857143], [0.0, 0.9565217391304348], [0.2, 0.9666666666666667]]","[61, 59, 25, 40]",0.7680320038213518,"[0.7185888738127544, 0.7621705426356589, 0.4680851063829787, 0.5866819747416762]",0.4680851063829787,1.4229354628880173,"[0.29199376702308655, 0.2810884118080139, 0.21259820461273193, 0.21431967616081238]","[0.2760730478912592, 0.3140540737658739, 0.0012530305630207295, 0.03300545352976769]","[0.2789759151637554, 0.29021915793418884, 0.21168900281190872, 0.21911593340337276]","[0.4636015295982361, 0.45019155740737915, 0.038314174860715866, 0.04789271950721741]",0.0
"{""run_name"": ""fedheart_exp_paper_hetagg_gdro"", ""seed"": 42, ""run_dir"": ""runs/eta/fedheart_cur_GroupDRO_s42_f1"", ""use_fedheart"": true, ""num_classes"": 2, ""stratified_batching"": true, ""train_frac"": 0.8, ""group_max_train_samples"": [null, null, 20, 25], ""true_hetero_input_dim"": true, ""feature_mask"": [[0, 1, 2, 3, 5, 6, 7, 8, 9, 10], [0, 1, 2, 3, 5, 6, 11, 12], [0, 1, 2, 4, 5, 7, 11, 12], [0, 1, 2, 4, 5, 6, 8, 9, 10]], ""batch_size"": 64, ""num_workers"": 0, ""epochs"": 100, ""early_stopping_patience"": 30, ""lr"": 0.001, ""weight_decay"": 0.0001, ""optimizer"": ""adam"", ""grad_clip"": 1.0, ""lr_scheduler"": ""cosine"", ""lr_min"": 1e-05, ""latent_dim"": 64, ""head_hidden"": 32, ""groups"": [{""name"": ""cleveland"", ""encoder"": ""mlp_tabular_ln"", ""input_dim"": 10, ""hidden_dim"": 64, ""dropout"": 0.1}, {""name"": ""hungarian"", ""encoder"": ""mlp_tabular_ln"", ""input_dim"": 8, ""hidden_dim"": 64, ""dropout"": 0.1}, {""name"": ""switzerland"", ""encoder"": ""mlp_tabular_ln"", ""input_dim"": 8, ""hidden_dim"": 64, ""dropout"": 0.1}, {""name"": ""va_long_beach"", ""encoder"": ""mlp_tabular_ln"", ""input_dim"": 9, ""hidden_dim"": 64, ""dropout"": 0.1}], ""anchor_eps"": 0.0001, ""sep_samples_per_class"": 4, ""sep_method"": ""classifier"", ""sep_margin"": 1.0, ""lambda_fit"": 0.001, ""lambda_sep"": 0.001, ""groupdro_enabled"": true, ""groupdro_eta"": 1.0, ""groupdro_gamma"": 0.9, ""groupdro_update_mode"": ""softmax"", ""groupdro_objective"": ""weighted"", ""groupdro_kl_lambda"": 0.0, ""groupdro_uniform_init"": true, ""log_interval"": 20, ""save_every"": 10, ""impute_missing"": true, ""common_encoder"": false, ""use_regret"": false, ""data_split_seed"": 1001}","{""num_groups"": 4, ""num_classes"": 2, ""train_total"": 522, ""test_total"": 185, ""train_group_counts"": [242, 235, 20, 25], ""test_group_counts"": [61, 59, 25, 40], ""train_class_counts"": [287, 235], ""test_class_counts"": [83, 102], ""train_group_class_counts"": [[131, 111], [150, 85], [1, 19], [5, 20]], ""test_group_class_counts"": [[33, 28], [38, 21], [2, 23], [10, 30]], ""group_proportions"": [0.46360153256704983, 0.4501915708812261, 0.038314176245210725, 0.04789272030651341]}","{""num_groups"": 4, ""eta"": 1.0, ""update_mode"": ""softmax"", ""robust_objective"": ""weighted"", ""gamma"": 0.9, ""kl_lambda"": 0.0, ""initial_pi"": [0.4636015295982361, 0.45019155740737915, 0.038314174860715866, 0.04789271950721741]}",2026-09-15T18:55:18.271698,35,0.18563623633235693,0.890625,0.001,0.7675675675675676,0.7848947624340095,0.7049180327868853,0.88,"[0.7049180327868853, 0.7796610169491526, 0.88, 0.775]","[0.6152410430387121, 0.8456201023679677, 0.9799961350612284, 1.43878867169567]","[0.6867469879518072, 0.8333333333333334]","[[0.7272727272727273, 0.6785714285714286], [0.8157894736842105, 0.7142857142857143], [0.0, 0.9565217391304348], [0.2, 0.9666666666666667]]","[61, 59, 25, 40]",0.7621183577046142,"[0.702922077922078, 0.7621705426356589, 0.4680851063829787, 0.5866819747416762]",0.4680851063829787,1.43878867169567,"[0.26629507541656494, 0.2967574894428253, 0.2186288684606552, 0.21831850707530975]","[0.23232313059270382, 0.33022721484303474, 0.003574477025949818, 0.06558841383230174]","[0.26636302657425404, 0.2946379892528057, 0.21156238950788975, 0.22743658535182476]","[0.4636015295982361, 0.45019155740737915, 0.038314174860715866, 0.04789271950721741]",0.0
"{""run_name"": ""fedheart_exp_paper_hetagg_gdro"", ""seed"": 42, ""run_dir"": ""runs/eta/fedheart_cur_GroupDRO_s42_f1"", ""use_fedheart"": true, ""num_classes"": 2, ""stratified_batching"": true, ""train_frac"": 0.8, ""group_max_train_samples"": [null, null, 20, 25], ""true_hetero_input_dim"": true, ""feature_mask"": [[0, 1, 2, 3, 5, 6, 7, 8, 9, 10], [0, 1, 2, 3, 5, 6, 11, 12], [0, 1, 2, 4, 5, 7, 11, 12], [0, 1, 2, 4, 5, 6, 8, 9, 10]], ""batch_size"": 64, ""num_workers"": 0, ""epochs"": 100, ""early_stopping_patience"": 30, ""lr"": 0.001, ""weight_decay"": 0.0001, ""optimizer"": ""adam"", ""grad_clip"": 1.0, ""lr_scheduler"": ""cosine"", ""lr_min"": 1e-05, ""latent_dim"": 64, ""head_hidden"": 32, ""groups"": [{""name"": ""cleveland"", ""encoder"": ""mlp_tabular_ln"", ""input_dim"": 10, ""hidden_dim"": 64, ""dropout"": 0.1}, {""name"": ""hungarian"", ""encoder"": ""mlp_tabular_ln"", ""input_dim"": 8, ""hidden_dim"": 64, ""dropout"": 0.1}, {""name"": ""switzerland"", ""encoder"": ""mlp_tabular_ln"", ""input_dim"": 8, ""hidden_dim"": 64, ""dropout"": 0.1}, {""name"": ""va_long_beach"", ""encoder"": ""mlp_tabular_ln"", ""input_dim"": 9, ""hidden_dim"": 64, ""dropout"": 0.1}], ""anchor_eps"": 0.0001, ""sep_samples_per_class"": 4, ""sep_method"": ""classifier"", ""sep_margin"": 1.0, ""lambda_fit"": 0.001, ""lambda_sep"": 0.001, ""groupdro_enabled"": true, ""groupdro_eta"": 1.0, ""groupdro_gamma"": 0.9, ""groupdro_update_mode"": ""softmax"", ""groupdro_objective"": ""weighted"", ""groupdro_kl_lambda"": 0.0, ""groupdro_uniform_init"": true, ""log_interval"": 20, ""save_every"": 10, ""impute_missing"": true, ""common_encoder"": false, ""use_regret"": false, ""data_split_seed"": 1001}","{""num_groups"": 4, ""num_classes"": 2, ""train_total"": 522, ""test_total"": 185, ""train_group_counts"": [242, 235, 20, 25], ""test_group_counts"": [61, 59, 25, 40], ""train_class_counts"": [287, 235], ""test_class_counts"": [83, 102], ""train_group_class_counts"": [[131, 111], [150, 85], [1, 19], [5, 20]], ""test_group_class_counts"": [[33, 28], [38, 21], [2, 23], [10, 30]], ""group_proportions"": [0.46360153256704983, 0.4501915708812261, 0.038314176245210725, 0.04789272030651341]}","{""num_groups"": 4, ""eta"": 1.0, ""update_mode"": ""softmax"", ""robust_objective"": ""weighted"", ""gamma"": 0.9, ""kl_lambda"": 0.0, ""initial_pi"": [0.4636015295982361, 0.45019155740737915, 0.038314174860715866, 0.04789271950721741]}",2026-09-15T18:55:18.271698,36,0.2039349488914013,0.865234375,0.001,0.772972972972973,0.7889931230897471,0.7213114754098361,0.88,"[0.7213114754098361, 0.7796610169491526, 0.88, 0.775]","[0.6156033402247751, 0.8377588290417314, 0.9839365366411221, 1.416024700446337]","[0.7108433734939759, 0.8235294117647058]","[[0.7575757575757576, 0.6785714285714286], [0.8421052631578947, 0.6666666666666666], [0.0, 0.9565217391304348], [0.2, 0.9666666666666667]]","[61, 59, 25, 40]",0.7687499999999999,"[0.7185888738127544, 0.7570478302185619, 0.4680851063829787, 0.5866819747416762]",0.4680851063829787,1.416024700446337,"[0.2600107491016388, 0.32603731751441956, 0.20670941472053528, 0.20724257826805115]","[0.29555460810661316, 0.33775593154132366, 0.0003670142777991714, 0.05473182046671354]","[0.27980607748031616, 0.29175424575805664, 0.2081522885710001, 0.2202873658388853]","[0.4636015295982361, 0.45019155740737915, 0.038314174860715866, 0.04789271950721741]",0.0
"{""run_name"": ""fedheart_exp_paper_hetagg_gdro"", ""seed"": 42, ""run_dir"": ""runs/eta/fedheart_cur_GroupDRO_s42_f1"", ""use_fedheart"": true, ""num_classes"": 2, ""stratified_batching"": true, ""train_frac"": 0.8, ""group_max_train_samples"": [null, null, 20, 25], ""true_hetero_input_dim"": true, ""feature_mask"": [[0, 1, 2, 3, 5, 6, 7, 8, 9, 10], [0, 1, 2, 3, 5, 6, 11, 12], [0, 1, 2, 4, 5, 7, 11, 12], [0, 1, 2, 4, 5, 6, 8, 9, 10]], ""batch_size"": 64, ""num_workers"": 0, ""epochs"": 100, ""early_stopping_patience"": 30, ""lr"": 0.001, ""weight_decay"": 0.0001, ""optimizer"": ""adam"", ""grad_clip"": 1.0, ""lr_scheduler"": ""cosine"", ""lr_min"": 1e-05, ""latent_dim"": 64, ""head_hidden"": 32, ""groups"": [{""name"": ""cleveland"", ""encoder"": ""mlp_tabular_ln"", ""input_dim"": 10, ""hidden_dim"": 64, ""dropout"": 0.1}, {""name"": ""hungarian"", ""encoder"": ""mlp_tabular_ln"", ""input_dim"": 8, ""hidden_dim"": 64, ""dropout"": 0.1}, {""name"": ""switzerland"", ""encoder"": ""mlp_tabular_ln"", ""input_dim"": 8, ""hidden_dim"": 64, ""dropout"": 0.1}, {""name"": ""va_long_beach"", ""encoder"": ""mlp_tabular_ln"", ""input_dim"": 9, ""hidden_dim"": 64, ""dropout"": 0.1}], ""anchor_eps"": 0.0001, ""sep_samples_per_class"": 4, ""sep_method"": ""classifier"", ""sep_margin"": 1.0, ""lambda_fit"": 0.001, ""lambda_sep"": 0.001, ""groupdro_enabled"": true, ""groupdro_eta"": 1.0, ""groupdro_gamma"": 0.9, ""groupdro_update_mode"": ""softmax"", ""groupdro_objective"": ""weighted"", ""groupdro_kl_lambda"": 0.0, ""groupdro_uniform_init"": true, ""log_interval"": 20, ""save_every"": 10, ""impute_missing"": true, ""common_encoder"": false, ""use_regret"": false, ""data_split_seed"": 1001}","{""num_groups"": 4, ""num_classes"": 2, ""train_total"": 522, ""test_total"": 185, ""train_group_counts"": [242, 235, 20, 25], ""test_group_counts"": [61, 59, 25, 40], ""train_class_counts"": [287, 235], ""test_class_counts"": [83, 102], ""train_group_class_counts"": [[131, 111], [150, 85], [1, 19], [5, 20]], ""test_group_class_counts"": [[33, 28], [38, 21], [2, 23], [10, 30]], ""group_proportions"": [0.46360153256704983, 0.4501915708812261, 0.038314176245210725, 0.04789272030651341]}","{""num_groups"": 4, ""eta"": 1.0, ""update_mode"": ""softmax"", ""robust_objective"": ""weighted"", ""gamma"": 0.9, ""kl_lambda"": 0.0, ""initial_pi"": [0.4636015295982361, 0.45019155740737915, 0.038314174860715866, 0.04789271950721741]}",2026-09-15T18:55:18.271698,37,0.18290183320641518,0.888671875,0.001,0.7675675675675676,0.7848947624340095,0.7049180327868853,0.88,"[0.7049180327868853, 0.7796610169491526, 0.88, 0.775]","[0.6334742980209546, 0.8385263519476057, 0.9914430357904348, 1.437958577059908]","[0.6867469879518072, 0.8333333333333334]","[[0.7272727272727273, 0.6785714285714286], [0.8157894736842105, 0.7142857142857143], [0.0, 0.9565217391304348], [0.2, 0.9666666666666667]]","[61, 59, 25, 40]",0.7621183577046142,"[0.702922077922078, 0.7621705426356589, 0.4680851063829787, 0.5866819747416762]",0.4680851063829787,1.437958577059908,"[0.26980987191200256, 0.31898191571235657, 0.2055116593837738, 0.20569659769535065]","[0.26238098554313183, 0.32553579844534397, 0.0009256108928639151, 0.01062753115184023]","[0.2767706625163555, 0.2952095568180084, 0.21293957345187664, 0.21508019231259823]","[0.4636015295982361, 0.45019155740737915, 0.038314174860715866, 0.04789271950721741]",0.0
"{""run_name"": ""fedheart_exp_paper_hetagg_gdro"", ""seed"": 42, ""run_dir"": ""runs/eta/fedheart_cur_GroupDRO_s42_f1"", ""use_fedheart"": true, ""num_classes"": 2, ""stratified_batching"": true, ""train_frac"": 0.8, ""group_max_train_samples"": [null, null, 20, 25], ""true_hetero_input_dim"": true, ""feature_mask"": [[0, 1, 2, 3, 5, 6, 7, 8, 9, 10], [0, 1, 2, 3, 5, 6, 11, 12], [0, 1, 2, 4, 5, 7, 11, 12], [0, 1, 2, 4, 5, 6, 8, 9, 10]], ""batch_size"": 64, ""num_workers"": 0, ""epochs"": 100, ""early_stopping_patience"": 30, ""lr"": 0.001, ""weight_decay"": 0.0001, ""optimizer"": ""adam"", ""grad_clip"": 1.0, ""lr_scheduler"": ""cosine"", ""lr_min"": 1e-05, ""latent_dim"": 64, ""head_hidden"": 32, ""groups"": [{""name"": ""cleveland"", ""encoder"": ""mlp_tabular_ln"", ""input_dim"": 10, ""hidden_dim"": 64, ""dropout"": 0.1}, {""name"": ""hungarian"", ""encoder"": ""mlp_tabular_ln"", ""input_dim"": 8, ""hidden_dim"": 64, ""dropout"": 0.1}, {""name"": ""switzerland"", ""encoder"": ""mlp_tabular_ln"", ""input_dim"": 8, ""hidden_dim"": 64, ""dropout"": 0.1}, {""name"": ""va_long_beach"", ""encoder"": ""mlp_tabular_ln"", ""input_dim"": 9, ""hidden_dim"": 64, ""dropout"": 0.1}], ""anchor_eps"": 0.0001, ""sep_samples_per_class"": 4, ""sep_method"": ""classifier"", ""sep_margin"": 1.0, ""lambda_fit"": 0.001, ""lambda_sep"": 0.001, ""groupdro_enabled"": true, ""groupdro_eta"": 1.0, ""groupdro_gamma"": 0.9, ""groupdro_update_mode"": ""softmax"", ""groupdro_objective"": ""weighted"", ""groupdro_kl_lambda"": 0.0, ""groupdro_uniform_init"": true, ""log_interval"": 20, ""save_every"": 10, ""impute_missing"": true, ""common_encoder"": false, ""use_regret"": false, ""data_split_seed"": 1001}","{""num_groups"": 4, ""num_classes"": 2, ""train_total"": 522, ""test_total"": 185, ""train_group_counts"": [242, 235, 20, 25], ""test_group_counts"": [61, 59, 25, 40], ""train_class_counts"": [287, 235], ""test_class_counts"": [83, 102], ""train_group_class_counts"": [[131, 111], [150, 85], [1, 19], [5, 20]], ""test_group_class_counts"": [[33, 28], [38, 21], [2, 23], [10, 30]], ""group_proportions"": [0.46360153256704983, 0.4501915708812261, 0.038314176245210725, 0.04789272030651341]}","{""num_groups"": 4, ""eta"": 1.0, ""update_mode"": ""softmax"", ""robust_objective"": ""weighted"", ""gamma"": 0.9, ""kl_lambda"": 0.0, ""initial_pi"": [0.4636015295982361, 0.45019155740737915, 0.038314174860715866, 0.04789271950721741]}",2026-09-15T18:55:18.271698,38,0.17915773577988148,0.87890625,0.001,0.7675675675675676,0.7828820505696027,0.7049180327868853,0.88,"[0.7049180327868853, 0.7966101694915254, 0.88, 0.75]","[0.6279916346681945, 0.8839771779780907, 1.0039923812313645, 1.4309410522647112]","[0.6746987951807228, 0.8431372549019608]","[[0.7575757575757576, 0.6428571428571429], [0.7894736842105263, 0.8095238095238095], [0.0, 0.9565217391304348], [0.1, 0.9666666666666667]]","[61, 59, 25, 40]",0.7612903225806451,"[0.7009803921568627, 0.7862318840579711, 0.4680851063829787, 0.5098039215686275]",0.4680851063829787,1.4309410522647112,"[0.2763918936252594, 0.28786930441856384, 0.21781180799007416, 0.21792706847190857]","[0.25353267788887024, 0.320496030151844, 0.005588366875144857, 0.00453526106616664]","[0.2756517194211483, 0.29486824572086334, 0.21485080942511559, 0.21462923474609852]","[0.4636015295982361, 0.45019155740737915, 0.038314174860715866, 0.04789271950721741]",0.0
"{""run_name"": ""fedheart_exp_paper_hetagg_gdro"", ""seed"": 42, ""run_dir"": ""runs/eta/fedheart_cur_GroupDRO_s42_f1"", ""use_fedheart"": true, ""num_classes"": 2, ""stratified_batching"": true, ""train_frac"": 0.8, ""group_max_train_samples"": [null, null, 20, 25], ""true_hetero_input_dim"": true, ""feature_mask"": [[0, 1, 2, 3, 5, 6, 7, 8, 9, 10], [0, 1, 2, 3, 5, 6, 11, 12], [0, 1, 2, 4, 5, 7, 11, 12], [0, 1, 2, 4, 5, 6, 8, 9, 10]], ""batch_size"": 64, ""num_workers"": 0, ""epochs"": 100, ""early_stopping_patience"": 30, ""lr"": 0.001, ""weight_decay"": 0.0001, ""optimizer"": ""adam"", ""grad_clip"": 1.0, ""lr_scheduler"": ""cosine"", ""lr_min"": 1e-05, ""latent_dim"": 64, ""head_hidden"": 32, ""groups"": [{""name"": ""cleveland"", ""encoder"": ""mlp_tabular_ln"", ""input_dim"": 10, ""hidden_dim"": 64, ""dropout"": 0.1}, {""name"": ""hungarian"", ""encoder"": ""mlp_tabular_ln"", ""input_dim"": 8, ""hidden_dim"": 64, ""dropout"": 0.1}, {""name"": ""switzerland"", ""encoder"": ""mlp_tabular_ln"", ""input_dim"": 8, ""hidden_dim"": 64, ""dropout"": 0.1}, {""name"": ""va_long_beach"", ""encoder"": ""mlp_tabular_ln"", ""input_dim"": 9, ""hidden_dim"": 64, ""dropout"": 0.1}], ""anchor_eps"": 0.0001, ""sep_samples_per_class"": 4, ""sep_method"": ""classifier"", ""sep_margin"": 1.0, ""lambda_fit"": 0.001, ""lambda_sep"": 0.001, ""groupdro_enabled"": true, ""groupdro_eta"": 1.0, ""groupdro_gamma"": 0.9, ""groupdro_update_mode"": ""softmax"", ""groupdro_objective"": ""weighted"", ""groupdro_kl_lambda"": 0.0, ""groupdro_uniform_init"": true, ""log_interval"": 20, ""save_every"": 10, ""impute_missing"": true, ""common_encoder"": false, ""use_regret"": false, ""data_split_seed"": 1001}","{""num_groups"": 4, ""num_classes"": 2, ""train_total"": 522, ""test_total"": 185, ""train_group_counts"": [242, 235, 20, 25], ""test_group_counts"": [61, 59, 25, 40], ""train_class_counts"": [287, 235], ""test_class_counts"": [83, 102], ""train_group_class_counts"": [[131, 111], [150, 85], [1, 19], [5, 20]], ""test_group_class_counts"": [[33, 28], [38, 21], [2, 23], [10, 30]], ""group_proportions"": [0.46360153256704983, 0.4501915708812261, 0.038314176245210725, 0.04789272030651341]}","{""num_groups"": 4, ""eta"": 1.0, ""update_mode"": ""softmax"", ""robust_objective"": ""weighted"", ""gamma"": 0.9, ""kl_lambda"": 0.0, ""initial_pi"": [0.4636015295982361, 0.45019155740737915, 0.038314174860715866, 0.04789271950721741]}",2026-09-15T18:55:18.271698,39,0.18895915523171425,0.876953125,0.001,0.7675675675675676,0.7827431230897471,0.7213114754098361,0.88,"[0.7213114754098361, 0.7796610169491526, 0.88, 0.75]","[0.6334565777043415, 0.8704438515577734, 1.0190093211305793, 1.4028912873596027]","[0.6867469879518072, 0.8333333333333334]","[[0.7575757575757576, 0.6785714285714286], [0.8157894736842105, 0.7142857142857143], [0.0, 0.9565217391304348], [0.1, 0.9666666666666667]]","[61, 59, 25, 40]",0.7621183577046142,"[0.7185888738127544, 0.7621705426356589, 0.4680851063829787, 0.5098039215686275]",0.4680851063829787,1.4028912873596027,"[0.264697402715683, 0.2623370289802551, 0.2335764616727829, 0.23938913643360138]","[0.2766459137201309, 0.3128202110528946, 0.0005553370510824607, 0.043319697926563094]","[0.2789326701313257, 0.2888728491961956, 0.21142448298633099, 0.22077000327408314]","[0.4636015295982361, 0.45019155740737915, 0.038314174860715866, 0.04789271950721741]",0.0
"{""run_name"": ""fedheart_exp_paper_hetagg_gdro"", ""seed"": 42, ""run_dir"": ""runs/eta/fedheart_cur_GroupDRO_s42_f1"", ""use_fedheart"": true, ""num_classes"": 2, ""stratified_batching"": true, ""train_frac"": 0.8, ""group_max_train_samples"": [null, null, 20, 25], ""true_hetero_input_dim"": true, ""feature_mask"": [[0, 1, 2, 3, 5, 6, 7, 8, 9, 10], [0, 1, 2, 3, 5, 6, 11, 12], [0, 1, 2, 4, 5, 7, 11, 12], [0, 1, 2, 4, 5, 6, 8, 9, 10]], ""batch_size"": 64, ""num_workers"": 0, ""epochs"": 100, ""early_stopping_patience"": 30, ""lr"": 0.001, ""weight_decay"": 0.0001, ""optimizer"": ""adam"", ""grad_clip"": 1.0, ""lr_scheduler"": ""cosine"", ""lr_min"": 1e-05, ""latent_dim"": 64, ""head_hidden"": 32, ""groups"": [{""name"": ""cleveland"", ""encoder"": ""mlp_tabular_ln"", ""input_dim"": 10, ""hidden_dim"": 64, ""dropout"": 0.1}, {""name"": ""hungarian"", ""encoder"": ""mlp_tabular_ln"", ""input_dim"": 8, ""hidden_dim"": 64, ""dropout"": 0.1}, {""name"": ""switzerland"", ""encoder"": ""mlp_tabular_ln"", ""input_dim"": 8, ""hidden_dim"": 64, ""dropout"": 0.1}, {""name"": ""va_long_beach"", ""encoder"": ""mlp_tabular_ln"", ""input_dim"": 9, ""hidden_dim"": 64, ""dropout"": 0.1}], ""anchor_eps"": 0.0001, ""sep_samples_per_class"": 4, ""sep_method"": ""classifier"", ""sep_margin"": 1.0, ""lambda_fit"": 0.001, ""lambda_sep"": 0.001, ""groupdro_enabled"": true, ""groupdro_eta"": 1.0, ""groupdro_gamma"": 0.9, ""groupdro_update_mode"": ""softmax"", ""groupdro_objective"": ""weighted"", ""groupdro_kl_lambda"": 0.0, ""groupdro_uniform_init"": true, ""log_interval"": 20, ""save_every"": 10, ""impute_missing"": true, ""common_encoder"": false, ""use_regret"": false, ""data_split_seed"": 1001}","{""num_groups"": 4, ""num_classes"": 2, ""train_total"": 522, ""test_total"": 185, ""train_group_counts"": [242, 235, 20, 25], ""test_group_counts"": [61, 59, 25, 40], ""train_class_counts"": [287, 235], ""test_class_counts"": [83, 102], ""train_group_class_counts"": [[131, 111], [150, 85], [1, 19], [5, 20]], ""test_group_class_counts"": [[33, 28], [38, 21], [2, 23], [10, 30]], ""group_proportions"": [0.46360153256704983, 0.4501915708812261, 0.038314176245210725, 0.04789272030651341]}","{""num_groups"": 4, ""eta"": 1.0, ""update_mode"": ""softmax"", ""robust_objective"": ""weighted"", ""gamma"": 0.9, ""kl_lambda"": 0.0, ""initial_pi"": [0.4636015295982361, 0.45019155740737915, 0.038314174860715866, 0.04789271950721741]}",2026-09-15T18:55:18.271698,40,0.19142995588481426,0.87890625,0.001,0.772972972972973,0.7868414837454849,0.7377049180327869,0.88,"[0.7377049180327869, 0.7796610169491526, 0.88, 0.75]","[0.6475382755667002, 0.8728186120811882, 1.0329047499412263, 1.4433177544786873]","[0.6626506024096386, 0.8627450980392157]","[[0.696969696969697, 0.7857142857142857], [0.8157894736842105, 0.7142857142857143], [0.0, 0.9565217391304348], [0.1, 0.9666666666666667]]","[61, 59, 25, 40]",0.7655118300338001,"[0.7376344086021506, 0.7621705426356589, 0.4680851063829787, 0.5098039215686275]",0.4680851063829787,1.4433177544786873,"[0.2690914571285248, 0.30431678891181946, 0.21328985691070557, 0.2133018970489502]","[0.27099132537841797, 0.34407293796539307, 0.0027156992991876905, 0.01507117986693629]","[0.27662573382258415, 0.2979762703180313, 0.21137135662138462, 0.21402664855122566]","[0.4636015295982361, 0.45019155740737915, 0.038314174860715866, 0.04789271950721741]",0.0
"{""run_name"": ""fedheart_exp_paper_hetagg_gdro"", ""seed"": 42, ""run_dir"": ""runs/eta/fedheart_cur_GroupDRO_s42_f1"", ""use_fedheart"": true, ""num_classes"": 2, ""stratified_batching"": true, ""train_frac"": 0.8, ""group_max_train_samples"": [null, null, 20, 25], ""true_hetero_input_dim"": true, ""feature_mask"": [[0, 1, 2, 3, 5, 6, 7, 8, 9, 10], [0, 1, 2, 3, 5, 6, 11, 12], [0, 1, 2, 4, 5, 7, 11, 12], [0, 1, 2, 4, 5, 6, 8, 9, 10]], ""batch_size"": 64, ""num_workers"": 0, ""epochs"": 100, ""early_stopping_patience"": 30, ""lr"": 0.001, ""weight_decay"": 0.0001, ""optimizer"": ""adam"", ""grad_clip"": 1.0, ""lr_scheduler"": ""cosine"", ""lr_min"": 1e-05, ""latent_dim"": 64, ""head_hidden"": 32, ""groups"": [{""name"": ""cleveland"", ""encoder"": ""mlp_tabular_ln"", ""input_dim"": 10, ""hidden_dim"": 64, ""dropout"": 0.1}, {""name"": ""hungarian"", ""encoder"": ""mlp_tabular_ln"", ""input_dim"": 8, ""hidden_dim"": 64, ""dropout"": 0.1}, {""name"": ""switzerland"", ""encoder"": ""mlp_tabular_ln"", ""input_dim"": 8, ""hidden_dim"": 64, ""dropout"": 0.1}, {""name"": ""va_long_beach"", ""encoder"": ""mlp_tabular_ln"", ""input_dim"": 9, ""hidden_dim"": 64, ""dropout"": 0.1}], ""anchor_eps"": 0.0001, ""sep_samples_per_class"": 4, ""sep_method"": ""classifier"", ""sep_margin"": 1.0, ""lambda_fit"": 0.001, ""lambda_sep"": 0.001, ""groupdro_enabled"": true, ""groupdro_eta"": 1.0, ""groupdro_gamma"": 0.9, ""groupdro_update_mode"": ""softmax"", ""groupdro_objective"": ""weighted"", ""groupdro_kl_lambda"": 0.0, ""groupdro_uniform_init"": true, ""log_interval"": 20, ""save_every"": 10, ""impute_missing"": true, ""common_encoder"": false, ""use_regret"": false, ""data_split_seed"": 1001}","{""num_groups"": 4, ""num_classes"": 2, ""train_total"": 522, ""test_total"": 185, ""train_group_counts"": [242, 235, 20, 25], ""test_group_counts"": [61, 59, 25, 40], ""train_class_counts"": [287, 235], ""test_class_counts"": [83, 102], ""train_group_class_counts"": [[131, 111], [150, 85], [1, 19], [5, 20]], ""test_group_class_counts"": [[33, 28], [38, 21], [2, 23], [10, 30]], ""group_proportions"": [0.46360153256704983, 0.4501915708812261, 0.038314176245210725, 0.04789272030651341]}","{""num_groups"": 4, ""eta"": 1.0, ""update_mode"": ""softmax"", ""robust_objective"": ""weighted"", ""gamma"": 0.9, ""kl_lambda"": 0.0, ""initial_pi"": [0.4636015295982361, 0.45019155740737915, 0.038314174860715866, 0.04789271950721741]}",2026-09-15T18:55:18.271698,41,0.16982114128768444,0.88671875,0.001,0.7675675675675676,0.7848947624340095,0.7049180327868853,0.88,"[0.7049180327868853, 0.7796610169491526, 0.88, 0.775]","[0.632351277703343, 0.8594823717149527, 1.0383763000623731, 1.3874571464448764]","[0.6987951807228916, 0.8235294117647058]","[[0.7575757575757576, 0.6428571428571429], [0.8157894736842105, 0.7142857142857143], [0.0, 0.9565217391304348], [0.2, 0.9666666666666667]]","[61, 59, 25, 40]",0.7628841396166801,"[0.7009803921568627, 0.7621705426356589, 0.4680851063829787, 0.5866819747416762]",0.4680851063829787,1.3874571464448764,"[0.2875085473060608, 0.27815043926239014, 0.21710510551929474, 0.21723589301109314]","[0.2481473907828331, 0.29788367077708244, 0.0002560234324846533, 0.01769958791373938]","[0.27593775279819965, 0.289873693138361, 0.21520687639713287, 0.2189816776663065]","[0.4636015295982361, 0.45019155740737915, 0.038314174860715866, 0.04789271950721741]",0.0
"{""run_name"": ""fedheart_exp_paper_hetagg_gdro"", ""seed"": 42, ""run_dir"": ""runs/eta/fedheart_cur_GroupDRO_s42_f1"", ""use_fedheart"": true, ""num_classes"": 2, ""stratified_batching"": true, ""train_frac"": 0.8, ""group_max_train_samples"": [null, null, 20, 25], ""true_hetero_input_dim"": true, ""feature_mask"": [[0, 1, 2, 3, 5, 6, 7, 8, 9, 10], [0, 1, 2, 3, 5, 6, 11, 12], [0, 1, 2, 4, 5, 7, 11, 12], [0, 1, 2, 4, 5, 6, 8, 9, 10]], ""batch_size"": 64, ""num_workers"": 0, ""epochs"": 100, ""early_stopping_patience"": 30, ""lr"": 0.001, ""weight_decay"": 0.0001, ""optimizer"": ""adam"", ""grad_clip"": 1.0, ""lr_scheduler"": ""cosine"", ""lr_min"": 1e-05, ""latent_dim"": 64, ""head_hidden"": 32, ""groups"": [{""name"": ""cleveland"", ""encoder"": ""mlp_tabular_ln"", ""input_dim"": 10, ""hidden_dim"": 64, ""dropout"": 0.1}, {""name"": ""hungarian"", ""encoder"": ""mlp_tabular_ln"", ""input_dim"": 8, ""hidden_dim"": 64, ""dropout"": 0.1}, {""name"": ""switzerland"", ""encoder"": ""mlp_tabular_ln"", ""input_dim"": 8, ""hidden_dim"": 64, ""dropout"": 0.1}, {""name"": ""va_long_beach"", ""encoder"": ""mlp_tabular_ln"", ""input_dim"": 9, ""hidden_dim"": 64, ""dropout"": 0.1}], ""anchor_eps"": 0.0001, ""sep_samples_per_class"": 4, ""sep_method"": ""classifier"", ""sep_margin"": 1.0, ""lambda_fit"": 0.001, ""lambda_sep"": 0.001, ""groupdro_enabled"": true, ""groupdro_eta"": 1.0, ""groupdro_gamma"": 0.9, ""groupdro_update_mode"": ""softmax"", ""groupdro_objective"": ""weighted"", ""groupdro_kl_lambda"": 0.0, ""groupdro_uniform_init"": true, ""log_interval"": 20, ""save_every"": 10, ""impute_missing"": true, ""common_encoder"": false, ""use_regret"": false, ""data_split_seed"": 1001}","{""num_groups"": 4, ""num_classes"": 2, ""train_total"": 522, ""test_total"": 185, ""train_group_counts"": [242, 235, 20, 25], ""test_group_counts"": [61, 59, 25, 40], ""train_class_counts"": [287, 235], ""test_class_counts"": [83, 102], ""train_group_class_counts"": [[131, 111], [150, 85], [1, 19], [5, 20]], ""test_group_class_counts"": [[33, 28], [38, 21], [2, 23], [10, 30]], ""group_proportions"": [0.46360153256704983, 0.4501915708812261, 0.038314176245210725, 0.04789272030651341]}","{""num_groups"": 4, ""eta"": 1.0, ""update_mode"": ""softmax"", ""robust_objective"": ""weighted"", ""gamma"": 0.9, ""kl_lambda"": 0.0, ""initial_pi"": [0.4636015295982361, 0.45019155740737915, 0.038314174860715866, 0.04789271950721741]}",2026-09-15T18:55:18.271698,42,0.16261882334947586,0.896484375,0.001,0.7675675675675676,0.7848947624340095,0.7049180327868853,0.88,"[0.7049180327868853, 0.7796610169491526, 0.88, 0.775]","[0.6427612590868804, 0.849612223876293, 1.0473590799628436, 1.3671112810606474]","[0.6987951807228916, 0.8235294117647058]","[[0.7575757575757576, 0.6428571428571429], [0.8157894736842105, 0.7142857142857143], [0.0, 0.9565217391304348], [0.2, 0.9666666666666667]]","[61, 59, 25, 40]",0.7628841396166801,"[0.7009803921568627, 0.7621705426356589, 0.4680851063829787, 0.5866819747416762]",0.4680851063829787,1.3671112810606474,"[0.257868230342865, 0.3142777681350708, 0.2138512134552002, 0.2140028029680252]","[0.23458071239292622, 0.29769581742584705, 0.0020883602201138274, 0.001387359036016278]","[0.27398062869906425, 0.29209161922335625, 0.2170421201735735, 0.2168856281787157]","[0.4636015295982361, 0.45019155740737915, 0.038314174860715866, 0.04789271950721741]",0.0
"{""run_name"": ""fedheart_exp_paper_hetagg_gdro"", ""seed"": 42, ""run_dir"": ""runs/eta/fedheart_cur_GroupDRO_s42_f1"", ""use_fedheart"": true, ""num_classes"": 2, ""stratified_batching"": true, ""train_frac"": 0.8, ""group_max_train_samples"": [null, null, 20, 25], ""true_hetero_input_dim"": true, ""feature_mask"": [[0, 1, 2, 3, 5, 6, 7, 8, 9, 10], [0, 1, 2, 3, 5, 6, 11, 12], [0, 1, 2, 4, 5, 7, 11, 12], [0, 1, 2, 4, 5, 6, 8, 9, 10]], ""batch_size"": 64, ""num_workers"": 0, ""epochs"": 100, ""early_stopping_patience"": 30, ""lr"": 0.001, ""weight_decay"": 0.0001, ""optimizer"": ""adam"", ""grad_clip"": 1.0, ""lr_scheduler"": ""cosine"", ""lr_min"": 1e-05, ""latent_dim"": 64, ""head_hidden"": 32, ""groups"": [{""name"": ""cleveland"", ""encoder"": ""mlp_tabular_ln"", ""input_dim"": 10, ""hidden_dim"": 64, ""dropout"": 0.1}, {""name"": ""hungarian"", ""encoder"": ""mlp_tabular_ln"", ""input_dim"": 8, ""hidden_dim"": 64, ""dropout"": 0.1}, {""name"": ""switzerland"", ""encoder"": ""mlp_tabular_ln"", ""input_dim"": 8, ""hidden_dim"": 64, ""dropout"": 0.1}, {""name"": ""va_long_beach"", ""encoder"": ""mlp_tabular_ln"", ""input_dim"": 9, ""hidden_dim"": 64, ""dropout"": 0.1}], ""anchor_eps"": 0.0001, ""sep_samples_per_class"": 4, ""sep_method"": ""classifier"", ""sep_margin"": 1.0, ""lambda_fit"": 0.001, ""lambda_sep"": 0.001, ""groupdro_enabled"": true, ""groupdro_eta"": 1.0, ""groupdro_gamma"": 0.9, ""groupdro_update_mode"": ""softmax"", ""groupdro_objective"": ""weighted"", ""groupdro_kl_lambda"": 0.0, ""groupdro_uniform_init"": true, ""log_interval"": 20, ""save_every"": 10, ""impute_missing"": true, ""common_encoder"": false, ""use_regret"": false, ""data_split_seed"": 1001}","{""num_groups"": 4, ""num_classes"": 2, ""train_total"": 522, ""test_total"": 185, ""train_group_counts"": [242, 235, 20, 25], ""test_group_counts"": [61, 59, 25, 40], ""train_class_counts"": [287, 235], ""test_class_counts"": [83, 102], ""train_group_class_counts"": [[131, 111], [150, 85], [1, 19], [5, 20]], ""test_group_class_counts"": [[33, 28], [38, 21], [2, 23], [10, 30]], ""group_proportions"": [0.46360153256704983, 0.4501915708812261, 0.038314176245210725, 0.04789272030651341]}","{""num_groups"": 4, ""eta"": 1.0, ""update_mode"": ""softmax"", ""robust_objective"": ""weighted"", ""gamma"": 0.9, ""kl_lambda"": 0.0, ""initial_pi"": [0.4636015295982361, 0.45019155740737915, 0.038314174860715866, 0.04789271950721741]}",2026-09-15T18:55:18.271698,43,0.1692916303873062,0.890625,0.001,0.7783783783783784,0.7951041956098917,0.7377049180327869,0.88,"[0.7377049180327869, 0.7627118644067796, 0.88, 0.8]","[0.6402345438359962, 0.869805755761602, 1.0602726241920755, 1.3714708037816763]","[0.6987951807228916, 0.8431372549019608]","[[0.7575757575757576, 0.7142857142857143], [0.7894736842105263, 0.7142857142857143], [0.0, 0.9565217391304348], [0.3, 0.9666666666666667]]","[61, 59, 25, 40]",0.7731826201369576,"[0.7359307359307359, 0.7463144963144963, 0.4680851063829787, 0.6536796536796536]",0.4680851063829787,1.3714708037816763,"[0.28092145919799805, 0.27148720622062683, 0.22379153966903687, 0.22379983961582184]","[0.24627649039030075, 0.305139884352684, 0.0005667415989591973, 0.001699861957149551]","[0.27600862458348274, 0.2926156632602215, 0.21556932292878628, 0.2158063855022192]","[0.4636015295982361, 0.45019155740737915, 0.038314174860715866, 0.04789271950721741]",0.0
"{""run_name"": ""fedheart_exp_paper_hetagg_gdro"", ""seed"": 42, ""run_dir"": ""runs/eta/fedheart_cur_GroupDRO_s42_f1"", ""use_fedheart"": true, ""num_classes"": 2, ""stratified_batching"": true, ""train_frac"": 0.8, ""group_max_train_samples"": [null, null, 20, 25], ""true_hetero_input_dim"": true, ""feature_mask"": [[0, 1, 2, 3, 5, 6, 7, 8, 9, 10], [0, 1, 2, 3, 5, 6, 11, 12], [0, 1, 2, 4, 5, 7, 11, 12], [0, 1, 2, 4, 5, 6, 8, 9, 10]], ""batch_size"": 64, ""num_workers"": 0, ""epochs"": 100, ""early_stopping_patience"": 30, ""lr"": 0.001, ""weight_decay"": 0.0001, ""optimizer"": ""adam"", ""grad_clip"": 1.0, ""lr_scheduler"": ""cosine"", ""lr_min"": 1e-05, ""latent_dim"": 64, ""head_hidden"": 32, ""groups"": [{""name"": ""cleveland"", ""encoder"": ""mlp_tabular_ln"", ""input_dim"": 10, ""hidden_dim"": 64, ""dropout"": 0.1}, {""name"": ""hungarian"", ""encoder"": ""mlp_tabular_ln"", ""input_dim"": 8, ""hidden_dim"": 64, ""dropout"": 0.1}, {""name"": ""switzerland"", ""encoder"": ""mlp_tabular_ln"", ""input_dim"": 8, ""hidden_dim"": 64, ""dropout"": 0.1}, {""name"": ""va_long_beach"", ""encoder"": ""mlp_tabular_ln"", ""input_dim"": 9, ""hidden_dim"": 64, ""dropout"": 0.1}], ""anchor_eps"": 0.0001, ""sep_samples_per_class"": 4, ""sep_method"": ""classifier"", ""sep_margin"": 1.0, ""lambda_fit"": 0.001, ""lambda_sep"": 0.001, ""groupdro_enabled"": true, ""groupdro_eta"": 1.0, ""groupdro_gamma"": 0.9, ""groupdro_update_mode"": ""softmax"", ""groupdro_objective"": ""weighted"", ""groupdro_kl_lambda"": 0.0, ""groupdro_uniform_init"": true, ""log_interval"": 20, ""save_every"": 10, ""impute_missing"": true, ""common_encoder"": false, ""use_regret"": false, ""data_split_seed"": 1001}","{""num_groups"": 4, ""num_classes"": 2, ""train_total"": 522, ""test_total"": 185, ""train_group_counts"": [242, 235, 20, 25], ""test_group_counts"": [61, 59, 25, 40], ""train_class_counts"": [287, 235], ""test_class_counts"": [83, 102], ""train_group_class_counts"": [[131, 111], [150, 85], [1, 19], [5, 20]], ""test_group_class_counts"": [[33, 28], [38, 21], [2, 23], [10, 30]], ""group_proportions"": [0.46360153256704983, 0.4501915708812261, 0.038314176245210725, 0.04789272030651341]}","{""num_groups"": 4, ""eta"": 1.0, ""update_mode"": ""softmax"", ""robust_objective"": ""weighted"", ""gamma"": 0.9, ""kl_lambda"": 0.0, ""initial_pi"": [0.4636015295982361, 0.45019155740737915, 0.038314174860715866, 0.04789271950721741]}",2026-09-15T18:55:18.271698,44,0.15282115247100592,0.89453125,0.001,0.7837837837837838,0.7994804112253404,0.7213114754098361,0.88,"[0.7213114754098361, 0.7966101694915254, 0.88, 0.8]","[0.6395682188549621, 0.8931389889804157, 1.073017177356669, 1.3896064454739985]","[0.7108433734939759, 0.8431372549019608]","[[0.7575757575757576, 0.6785714285714286], [0.8157894736842105, 0.7619047619047619], [0.0, 0.9565217391304348], [0.3, 0.9666666666666667]]","[61, 59, 25, 40]",0.7790780988774779,"[0.7185888738127544, 0.7825552825552824, 0.4680851063829787, 0.6536796536796536]",0.4680851063829787,1.3896064454739985,"[0.29114872217178345, 0.2516721189022064, 0.22860141098499298, 0.22857780754566193]","[0.2104970756918192, 0.2920280434191227, 0.00041384793894394534, 0.004566800951579353]","[0.2694900743663311, 0.2930275388062, 0.21828430332243443, 0.2191981002688408]","[0.4636015295982361, 0.45019155740737915, 0.038314174860715866, 0.04789271950721741]",0.0
"{""run_name"": ""fedheart_exp_paper_hetagg_gdro"", ""seed"": 42, ""run_dir"": ""runs/eta/fedheart_cur_GroupDRO_s42_f1"", ""use_fedheart"": true, ""num_classes"": 2, ""stratified_batching"": true, ""train_frac"": 0.8, ""group_max_train_samples"": [null, null, 20, 25], ""true_hetero_input_dim"": true, ""feature_mask"": [[0, 1, 2, 3, 5, 6, 7, 8, 9, 10], [0, 1, 2, 3, 5, 6, 11, 12], [0, 1, 2, 4, 5, 7, 11, 12], [0, 1, 2, 4, 5, 6, 8, 9, 10]], ""batch_size"": 64, ""num_workers"": 0, ""epochs"": 100, ""early_stopping_patience"": 30, ""lr"": 0.001, ""weight_decay"": 0.0001, ""optimizer"": ""adam"", ""grad_clip"": 1.0, ""lr_scheduler"": ""cosine"", ""lr_min"": 1e-05, ""latent_dim"": 64, ""head_hidden"": 32, ""groups"": [{""name"": ""cleveland"", ""encoder"": ""mlp_tabular_ln"", ""input_dim"": 10, ""hidden_dim"": 64, ""dropout"": 0.1}, {""name"": ""hungarian"", ""encoder"": ""mlp_tabular_ln"", ""input_dim"": 8, ""hidden_dim"": 64, ""dropout"": 0.1}, {""name"": ""switzerland"", ""encoder"": ""mlp_tabular_ln"", ""input_dim"": 8, ""hidden_dim"": 64, ""dropout"": 0.1}, {""name"": ""va_long_beach"", ""encoder"": ""mlp_tabular_ln"", ""input_dim"": 9, ""hidden_dim"": 64, ""dropout"": 0.1}], ""anchor_eps"": 0.0001, ""sep_samples_per_class"": 4, ""sep_method"": ""classifier"", ""sep_margin"": 1.0, ""lambda_fit"": 0.001, ""lambda_sep"": 0.001, ""groupdro_enabled"": true, ""groupdro_eta"": 1.0, ""groupdro_gamma"": 0.9, ""groupdro_update_mode"": ""softmax"", ""groupdro_objective"": ""weighted"", ""groupdro_kl_lambda"": 0.0, ""groupdro_uniform_init"": true, ""log_interval"": 20, ""save_every"": 10, ""impute_missing"": true, ""common_encoder"": false, ""use_regret"": false, ""data_split_seed"": 1001}","{""num_groups"": 4, ""num_classes"": 2, ""train_total"": 522, ""test_total"": 185, ""train_group_counts"": [242, 235, 20, 25], ""test_group_counts"": [61, 59, 25, 40], ""train_class_counts"": [287, 235], ""test_class_counts"": [83, 102], ""train_group_class_counts"": [[131, 111], [150, 85], [1, 19], [5, 20]], ""test_group_class_counts"": [[33, 28], [38, 21], [2, 23], [10, 30]], ""group_proportions"": [0.46360153256704983, 0.4501915708812261, 0.038314176245210725, 0.04789272030651341]}","{""num_groups"": 4, ""eta"": 1.0, ""update_mode"": ""softmax"", ""robust_objective"": ""weighted"", ""gamma"": 0.9, ""kl_lambda"": 0.0, ""initial_pi"": [0.4636015295982361, 0.45019155740737915, 0.038314174860715866, 0.04789271950721741]}",2026-09-15T18:55:18.271698,45,0.1567082479596138,0.896484375,0.001,0.7837837837837838,0.7973287718810781,0.7377049180327869,0.88,"[0.7377049180327869, 0.7966101694915254, 0.88, 0.775]","[0.6485193224707771, 0.910152583106784, 1.0831008243099496, 1.4247908076184104]","[0.6987951807228916, 0.8529411764705882]","[[0.7575757575757576, 0.7142857142857143], [0.8157894736842105, 0.7619047619047619], [0.0, 0.9565217391304348], [0.2, 0.9666666666666667]]","[61, 59, 25, 40]",0.7783369278696382,"[0.7359307359307359, 0.7825552825552824, 0.4680851063829787, 0.5866819747416762]",0.4680851063829787,1.4247908076184104,"[0.24189142882823944, 0.34714385867118835, 0.20467627048492432, 0.2062883824110031]","[0.2211173865944147, 0.30204065330326557, 0.00027078309994976735, 0.003128914455373888]","[0.27116709016263485, 0.2940555661916733, 0.21708037331700325, 0.21769694611430168]","[0.4636015295982361, 0.45019155740737915, 0.038314174860715866, 0.04789271950721741]",0.0
"{""run_name"": ""fedheart_exp_paper_hetagg_gdro"", ""seed"": 42, ""run_dir"": ""runs/eta/fedheart_cur_GroupDRO_s42_f1"", ""use_fedheart"": true, ""num_classes"": 2, ""stratified_batching"": true, ""train_frac"": 0.8, ""group_max_train_samples"": [null, null, 20, 25], ""true_hetero_input_dim"": true, ""feature_mask"": [[0, 1, 2, 3, 5, 6, 7, 8, 9, 10], [0, 1, 2, 3, 5, 6, 11, 12], [0, 1, 2, 4, 5, 7, 11, 12], [0, 1, 2, 4, 5, 6, 8, 9, 10]], ""batch_size"": 64, ""num_workers"": 0, ""epochs"": 100, ""early_stopping_patience"": 30, ""lr"": 0.001, ""weight_decay"": 0.0001, ""optimizer"": ""adam"", ""grad_clip"": 1.0, ""lr_scheduler"": ""cosine"", ""lr_min"": 1e-05, ""latent_dim"": 64, ""head_hidden"": 32, ""groups"": [{""name"": ""cleveland"", ""encoder"": ""mlp_tabular_ln"", ""input_dim"": 10, ""hidden_dim"": 64, ""dropout"": 0.1}, {""name"": ""hungarian"", ""encoder"": ""mlp_tabular_ln"", ""input_dim"": 8, ""hidden_dim"": 64, ""dropout"": 0.1}, {""name"": ""switzerland"", ""encoder"": ""mlp_tabular_ln"", ""input_dim"": 8, ""hidden_dim"": 64, ""dropout"": 0.1}, {""name"": ""va_long_beach"", ""encoder"": ""mlp_tabular_ln"", ""input_dim"": 9, ""hidden_dim"": 64, ""dropout"": 0.1}], ""anchor_eps"": 0.0001, ""sep_samples_per_class"": 4, ""sep_method"": ""classifier"", ""sep_margin"": 1.0, ""lambda_fit"": 0.001, ""lambda_sep"": 0.001, ""groupdro_enabled"": true, ""groupdro_eta"": 1.0, ""groupdro_gamma"": 0.9, ""groupdro_update_mode"": ""softmax"", ""groupdro_objective"": ""weighted"", ""groupdro_kl_lambda"": 0.0, ""groupdro_uniform_init"": true, ""log_interval"": 20, ""save_every"": 10, ""impute_missing"": true, ""common_encoder"": false, ""use_regret"": false, ""data_split_seed"": 1001}","{""num_groups"": 4, ""num_classes"": 2, ""train_total"": 522, ""test_total"": 185, ""train_group_counts"": [242, 235, 20, 25], ""test_group_counts"": [61, 59, 25, 40], ""train_class_counts"": [287, 235], ""test_class_counts"": [83, 102], ""train_group_class_counts"": [[131, 111], [150, 85], [1, 19], [5, 20]], ""test_group_class_counts"": [[33, 28], [38, 21], [2, 23], [10, 30]], ""group_proportions"": [0.46360153256704983, 0.4501915708812261, 0.038314176245210725, 0.04789272030651341]}","{""num_groups"": 4, ""eta"": 1.0, ""update_mode"": ""softmax"", ""robust_objective"": ""weighted"", ""gamma"": 0.9, ""kl_lambda"": 0.0, ""initial_pi"": [0.4636015295982361, 0.45019155740737915, 0.038314174860715866, 0.04789271950721741]}",2026-09-15T18:55:18.271698,46,0.16803243942558765,0.896484375,0.001,0.7837837837837838,0.7973287718810781,0.7377049180327869,0.88,"[0.7377049180327869, 0.7966101694915254, 0.88, 0.775]","[0.6699249541909876, 0.8956706279620402, 1.0856592821016238, 1.4551603181428732]","[0.6987951807228916, 0.8529411764705882]","[[0.7575757575757576, 0.7142857142857143], [0.8157894736842105, 0.7619047619047619], [0.0, 0.9565217391304348], [0.2, 0.9666666666666667]]","[61, 59, 25, 40]",0.7783369278696382,"[0.7359307359307359, 0.7825552825552824, 0.4680851063829787, 0.5866819747416762]",0.4680851063829787,1.4551603181428732,"[0.28924670815467834, 0.2710880935192108, 0.2198515683412552, 0.21981362998485565]","[0.2431875765323639, 0.3050138484686613, 0.000529213378285931, 0.0018060263911365837]","[0.2753429114818573, 0.29302652925252914, 0.2156754918396473, 0.21595502831041813]","[0.4636015295982361, 0.45019155740737915, 0.038314174860715866, 0.04789271950721741]",0.0
"{""run_name"": ""fedheart_exp_paper_hetagg_gdro"", ""seed"": 42, ""run_dir"": ""runs/eta/fedheart_cur_GroupDRO_s42_f1"", ""use_fedheart"": true, ""num_classes"": 2, ""stratified_batching"": true, ""train_frac"": 0.8, ""group_max_train_samples"": [null, null, 20, 25], ""true_hetero_input_dim"": true, ""feature_mask"": [[0, 1, 2, 3, 5, 6, 7, 8, 9, 10], [0, 1, 2, 3, 5, 6, 11, 12], [0, 1, 2, 4, 5, 7, 11, 12], [0, 1, 2, 4, 5, 6, 8, 9, 10]], ""batch_size"": 64, ""num_workers"": 0, ""epochs"": 100, ""early_stopping_patience"": 30, ""lr"": 0.001, ""weight_decay"": 0.0001, ""optimizer"": ""adam"", ""grad_clip"": 1.0, ""lr_scheduler"": ""cosine"", ""lr_min"": 1e-05, ""latent_dim"": 64, ""head_hidden"": 32, ""groups"": [{""name"": ""cleveland"", ""encoder"": ""mlp_tabular_ln"", ""input_dim"": 10, ""hidden_dim"": 64, ""dropout"": 0.1}, {""name"": ""hungarian"", ""encoder"": ""mlp_tabular_ln"", ""input_dim"": 8, ""hidden_dim"": 64, ""dropout"": 0.1}, {""name"": ""switzerland"", ""encoder"": ""mlp_tabular_ln"", ""input_dim"": 8, ""hidden_dim"": 64, ""dropout"": 0.1}, {""name"": ""va_long_beach"", ""encoder"": ""mlp_tabular_ln"", ""input_dim"": 9, ""hidden_dim"": 64, ""dropout"": 0.1}], ""anchor_eps"": 0.0001, ""sep_samples_per_class"": 4, ""sep_method"": ""classifier"", ""sep_margin"": 1.0, ""lambda_fit"": 0.001, ""lambda_sep"": 0.001, ""groupdro_enabled"": true, ""groupdro_eta"": 1.0, ""groupdro_gamma"": 0.9, ""groupdro_update_mode"": ""softmax"", ""groupdro_objective"": ""weighted"", ""groupdro_kl_lambda"": 0.0, ""groupdro_uniform_init"": true, ""log_interval"": 20, ""save_every"": 10, ""impute_missing"": true, ""common_encoder"": false, ""use_regret"": false, ""data_split_seed"": 1001}","{""num_groups"": 4, ""num_classes"": 2, ""train_total"": 522, ""test_total"": 185, ""train_group_counts"": [242, 235, 20, 25], ""test_group_counts"": [61, 59, 25, 40], ""train_class_counts"": [287, 235], ""test_class_counts"": [83, 102], ""train_group_class_counts"": [[131, 111], [150, 85], [1, 19], [5, 20]], ""test_group_class_counts"": [[33, 28], [38, 21], [2, 23], [10, 30]], ""group_proportions"": [0.46360153256704983, 0.4501915708812261, 0.038314176245210725, 0.04789272030651341]}","{""num_groups"": 4, ""eta"": 1.0, ""update_mode"": ""softmax"", ""robust_objective"": ""weighted"", ""gamma"": 0.9, ""kl_lambda"": 0.0, ""initial_pi"": [0.4636015295982361, 0.45019155740737915, 0.038314174860715866, 0.04789271950721741]}",2026-09-15T18:55:18.271698,47,0.15469239465892315,0.892578125,0.001,0.7837837837837838,0.7973287718810781,0.7377049180327869,0.88,"[0.7377049180327869, 0.7966101694915254, 0.88, 0.775]","[0.6744091923255092, 0.8887832269548059, 1.0909367693589593, 1.550022906804952]","[0.6987951807228916, 0.8529411764705882]","[[0.7575757575757576, 0.7142857142857143], [0.8157894736842105, 0.7619047619047619], [0.0, 0.9565217391304348], [0.2, 0.9666666666666667]]","[61, 59, 25, 40]",0.7783369278696382,"[0.7359307359307359, 0.7825552825552824, 0.4680851063829787, 0.5866819747416762]",0.4680851063829787,1.550022906804952,"[0.2628619372844696, 0.3083867132663727, 0.2138075977563858, 0.2149437516927719]","[0.21078176237642765, 0.29354392923414707, 0.0005040116166128428, 0.01337410191536037]","[0.2690461650490761, 0.29226838424801826, 0.21791373565793037, 0.22077171318233013]","[0.4636015295982361, 0.45019155740737915, 0.038314174860715866, 0.04789271950721741]",0.0
"{""run_name"": ""fedheart_exp_paper_hetagg_gdro"", ""seed"": 42, ""run_dir"": ""runs/eta/fedheart_cur_GroupDRO_s42_f1"", ""use_fedheart"": true, ""num_classes"": 2, ""stratified_batching"": true, ""train_frac"": 0.8, ""group_max_train_samples"": [null, null, 20, 25], ""true_hetero_input_dim"": true, ""feature_mask"": [[0, 1, 2, 3, 5, 6, 7, 8, 9, 10], [0, 1, 2, 3, 5, 6, 11, 12], [0, 1, 2, 4, 5, 7, 11, 12], [0, 1, 2, 4, 5, 6, 8, 9, 10]], ""batch_size"": 64, ""num_workers"": 0, ""epochs"": 100, ""early_stopping_patience"": 30, ""lr"": 0.001, ""weight_decay"": 0.0001, ""optimizer"": ""adam"", ""grad_clip"": 1.0, ""lr_scheduler"": ""cosine"", ""lr_min"": 1e-05, ""latent_dim"": 64, ""head_hidden"": 32, ""groups"": [{""name"": ""cleveland"", ""encoder"": ""mlp_tabular_ln"", ""input_dim"": 10, ""hidden_dim"": 64, ""dropout"": 0.1}, {""name"": ""hungarian"", ""encoder"": ""mlp_tabular_ln"", ""input_dim"": 8, ""hidden_dim"": 64, ""dropout"": 0.1}, {""name"": ""switzerland"", ""encoder"": ""mlp_tabular_ln"", ""input_dim"": 8, ""hidden_dim"": 64, ""dropout"": 0.1}, {""name"": ""va_long_beach"", ""encoder"": ""mlp_tabular_ln"", ""input_dim"": 9, ""hidden_dim"": 64, ""dropout"": 0.1}], ""anchor_eps"": 0.0001, ""sep_samples_per_class"": 4, ""sep_method"": ""classifier"", ""sep_margin"": 1.0, ""lambda_fit"": 0.001, ""lambda_sep"": 0.001, ""groupdro_enabled"": true, ""groupdro_eta"": 1.0, ""groupdro_gamma"": 0.9, ""groupdro_update_mode"": ""softmax"", ""groupdro_objective"": ""weighted"", ""groupdro_kl_lambda"": 0.0, ""groupdro_uniform_init"": true, ""log_interval"": 20, ""save_every"": 10, ""impute_missing"": true, ""common_encoder"": false, ""use_regret"": false, ""data_split_seed"": 1001}","{""num_groups"": 4, ""num_classes"": 2, ""train_total"": 522, ""test_total"": 185, ""train_group_counts"": [242, 235, 20, 25], ""test_group_counts"": [61, 59, 25, 40], ""train_class_counts"": [287, 235], ""test_class_counts"": [83, 102], ""train_group_class_counts"": [[131, 111], [150, 85], [1, 19], [5, 20]], ""test_group_class_counts"": [[33, 28], [38, 21], [2, 23], [10, 30]], ""group_proportions"": [0.46360153256704983, 0.4501915708812261, 0.038314176245210725, 0.04789272030651341]}","{""num_groups"": 4, ""eta"": 1.0, ""update_mode"": ""softmax"", ""robust_objective"": ""weighted"", ""gamma"": 0.9, ""kl_lambda"": 0.0, ""initial_pi"": [0.4636015295982361, 0.45019155740737915, 0.038314174860715866, 0.04789271950721741]}",2026-09-15T18:55:18.271698,48,0.1492397142574191,0.900390625,0.001,0.772972972972973,0.7889931230897471,0.7213114754098361,0.88,"[0.7213114754098361, 0.7796610169491526, 0.88, 0.775]","[0.6977871993077598, 0.900022993758084, 1.1053586354543221, 1.6110138040827622]","[0.6867469879518072, 0.8431372549019608]","[[0.7272727272727273, 0.7142857142857143], [0.8157894736842105, 0.7142857142857143], [0.0, 0.9565217391304348], [0.2, 0.9666666666666667]]","[61, 59, 25, 40]",0.76725377426312,"[0.7201079622132254, 0.7621705426356589, 0.4680851063829787, 0.5866819747416762]",0.4680851063829787,1.6110138040827622,"[0.2652626633644104, 0.2990460693836212, 0.2179628610610962, 0.21772848069667816]","[0.20687630120664835, 0.28526706621050835, 0.0012429053699634096, 0.0015204898256797605]","[0.26953501254320145, 0.29170647263526917, 0.2193521223962307, 0.21940637193620205]","[0.4636015295982361, 0.45019155740737915, 0.038314174860715866, 0.04789271950721741]",0.0
